======================================================================
MODELLING REPORT
2026-04-10 12:56:23
======================================================================

# RUNNING CONFIG
----------------------------------------------------------------------
{
    "preprocess_calibrate": false,
    "preprocess_cutoff": 20,
    "preprocess_trim": false,
    "augment_jerk": true,
    "augment_mags": false,
    "window_data": false,
    "window_size": 250,
    "window_hop": 125,
    "affect": "stress"
}

======================================================================

# MODELLING CONFIG
----------------------------------------------------------------------
Pipeline(steps=[('scaler', StandardScaler()), ('reducer', SelectKBest(k=500)),
                ('selector',
                 RFE(estimator=RandomForestClassifier(n_estimators=50,
                                                      n_jobs=-1),
                     n_features_to_select=50, step=0.05)),
                ('classifier', MLPClassifier(hidden_layer_sizes=[64]))])

======================================================================

# CV RESULTS
----------------------------------------------------------------------
         fit_time  score_time  test_accuracy  train_accuracy  test_precision  train_precision  test_recall  train_recall   test_f1  train_f1  overfit_gap
Fold 1   4.855723    0.050266       0.487500             1.0        0.442739              1.0     0.487500           1.0  0.462094       1.0     0.512500
Fold 2   4.822304    0.049385       0.493750             1.0        0.425945              1.0     0.493750           1.0  0.455849       1.0     0.506250
Fold 3   4.863279    0.050713       0.442857             1.0        0.434174              1.0     0.442857           1.0  0.438472       1.0     0.557143
Fold 4   4.949681    0.064912       0.314286             1.0        0.306494              1.0     0.314286           1.0  0.308912       1.0     0.685714
Mean     4.872747    0.053819       0.434598             1.0        0.402338              1.0     0.434598           1.0  0.416332       1.0     0.565402
Std Dev  0.054292    0.007416       0.083348             0.0        0.064263              0.0     0.083348           0.0  0.072307       0.0     0.083348

======================================================================

# PER-PARTICIPANT PERFORMANCE (GLOBAL)
----------------------------------------------------------------------
             Fold  Accuracy  Num_Trials
Participant                            
1               1      0.00          20
6               2      0.00          20
13              2      0.00          20
27              4      0.00          20
11              4      0.00          20
26              3      0.00          20
12              3      0.00          20
3               3      0.00          20
9               1      0.05          20
30              1      0.15          20
22              2      0.15          20
8               4      0.20          20
21              1      0.20          20
16              4      0.25          20
19              3      0.25          20
23              2      0.30          20
4               4      0.30          20
25              4      0.45          20
29              2      0.70          20
5               1      0.75          20
18              2      0.85          20
28              1      0.85          20
17              1      0.90          20
10              2      0.95          20
24              3      0.95          20
15              3      0.95          20
7               3      0.95          20
14              1      1.00          20
2               2      1.00          20
20              4      1.00          20

======================================================================

# STABLE FEATURES (GLOBAL)
----------------------------------------------------------------------
Total features stable across ALL folds: 0

Features list:

======================================================================

# TRIAL-BASED STATS
----------------------------------------------------------------------
Average Prediction Confidence: 0.8936
Avg Confidence when Correct:   0.9147
Avg Confidence when Incorrect: 0.8772
Average Prediction Margin:     0.7979

======================================================================

# TRIAL CONFUSION MATRIX
----------------------------------------------------------------------
        Pred_0  Pred_1  Pred_2
True_0       0      52      28
True_1      37     247      96
True_2      11     113      16

======================================================================

# PER-PARTICIPANT PERFORMANCE (TRIAL-LEVEL)
----------------------------------------------------------------------
             Fold  Trial_Accuracy  Avg_Confidence  Num_Trials
Participant                                                  
1               1            0.00        0.882911          20
6               2            0.00        0.990008          20
13              2            0.00        0.812384          20
27              4            0.00        0.909281          20
11              4            0.00        0.832230          20
12              3            0.00        0.778533          20
3               3            0.00        0.998502          20
26              3            0.00        0.991701          20
9               1            0.05        0.936287          20
30              1            0.15        0.893439          20
22              2            0.15        0.784956          20
8               4            0.20        0.903333          20
21              1            0.20        0.925688          20
19              3            0.25        0.765378          20
16              4            0.25        0.934462          20
23              2            0.30        0.762426          20
4               4            0.30        0.835409          20
25              4            0.45        0.836866          20
29              2            0.70        0.821407          20
5               1            0.75        0.909639          20
18              2            0.85        0.892027          20
28              1            0.85        0.904758          20
17              1            0.90        0.960386          20
10              2            0.95        0.943497          20
24              3            0.95        0.891832          20
15              3            0.95        0.947690          20
7               3            0.95        0.852190          20
14              1            1.00        0.991806          20
2               2            1.00        0.919480          20
20              4            1.00        0.999204          20

======================================================================

