======================================================================
MODELLING REPORT
2026-04-09 18:03:24
======================================================================

# RUNNING CONFIG
----------------------------------------------------------------------
{
    "preprocess_calibrate": false,
    "preprocess_cutoff": 20,
    "preprocess_trim": false,
    "augment_jerk": true,
    "augment_mags": false,
    "window_data": true,
    "window_size": 250,
    "window_hop": 125,
    "affect": "stress"
}

======================================================================

# MODELLING CONFIG
----------------------------------------------------------------------
Pipeline(steps=[('scaler', StandardScaler()), ('reducer', SelectKBest(k=500)),
                ('selector',
                 RFE(estimator=RandomForestClassifier(n_jobs=-1),
                     n_features_to_select=50, step=0.05)),
                ('classifier', GradientBoostingClassifier(n_estimators=250))])

======================================================================

# CV RESULTS
----------------------------------------------------------------------
          fit_time  score_time  test_accuracy  train_accuracy  test_precision  train_precision  test_recall  train_recall   test_f1  train_f1  overfit_gap
Fold 1   91.130439    0.088167       0.462597             1.0        0.350643              1.0     0.462597           1.0  0.397215       1.0     0.537403
Fold 2   92.318408    0.049287       0.396208             1.0        0.290452              1.0     0.396208           1.0  0.334593       1.0     0.603792
Fold 3   91.656753    0.079976       0.447968             1.0        0.441277              1.0     0.447968           1.0  0.442991       1.0     0.552032
Fold 4   91.431569    0.075222       0.397727             1.0        0.325395              1.0     0.397727           1.0  0.356685       1.0     0.602273
Mean     91.634292    0.073163       0.426125             1.0        0.351942              1.0     0.426125           1.0  0.382871       1.0     0.573875
Std Dev   0.504474    0.016792       0.034199             0.0        0.064468              0.0     0.034199           0.0  0.047738       0.0     0.034199

======================================================================

# PER-PARTICIPANT PERFORMANCE (GLOBAL)
----------------------------------------------------------------------
             Fold  Accuracy  Num_Trials
Participant                            
13              1  0.000000         252
27              2  0.000000         158
1               3  0.000000         160
6               2  0.000000         108
3               4  0.000000         102
26              4  0.006135         163
22              2  0.012121         165
25              4  0.078313         166
30              1  0.125000         136
9               1  0.207692         130
11              3  0.217172         198
12              2  0.233010         206
16              3  0.293413         167
21              4  0.347826         115
8               1  0.435374         147
4               3  0.471154         104
2               4  0.532847         137
23              4  0.584795         171
19              3  0.724138         145
18              1  0.786885         122
17              3  0.811321         106
7               1  0.836735          98
28              1  0.863946         147
10              2  0.925926         135
29              3  0.930233         129
15              4  0.946154         130
24              1  0.954198         131
5               2  0.961905         105
20              2  0.968000         125
14              4  0.972222          72

======================================================================

# STABLE FEATURES (GLOBAL)
----------------------------------------------------------------------
Total features stable across ALL folds: 7

Features list:
 - p__mean_abs_change
 - p__permutation_entropy__dimension_5__tau_1
 - p__permutation_entropy__dimension_6__tau_1
 - gx__binned_entropy__max_bins_10
 - gx__permutation_entropy__dimension_6__tau_1
 - gy__kurtosis
 - gz__permutation_entropy__dimension_6__tau_1

======================================================================

# TRIAL-BASED STATS
----------------------------------------------------------------------
Average Prediction Confidence: 0.8202
Avg Confidence when Correct:   0.8425
Avg Confidence when Incorrect: 0.8037
Average Prediction Margin:     0.6676

======================================================================

# TRIAL CONFUSION MATRIX
----------------------------------------------------------------------
        Pred_0  Pred_1  Pred_2
True_0       1     581     151
True_1     150    1704     638
True_2      93     810     102

======================================================================

# PER-PARTICIPANT PERFORMANCE (TRIAL-LEVEL)
----------------------------------------------------------------------
             Fold  Trial_Accuracy  Avg_Confidence  Num_Trials
Participant                                                  
13              1        0.000000        0.781677         252
27              2        0.000000        0.887511         158
6               2        0.000000        0.977810         108
1               3        0.000000        0.770053         160
3               4        0.000000        0.995092         102
26              4        0.006135        0.885809         163
22              2        0.012121        0.843469         165
25              4        0.078313        0.810345         166
30              1        0.125000        0.888086         136
9               1        0.207692        0.689914         130
11              3        0.217172        0.723489         198
12              2        0.233010        0.691462         206
16              3        0.293413        0.809763         167
21              4        0.347826        0.728497         115
8               1        0.435374        0.777735         147
4               3        0.471154        0.662883         104
2               4        0.532847        0.778252         137
23              4        0.584795        0.781364         171
19              3        0.724138        0.768404         145
18              1        0.786885        0.781642         122
17              3        0.811321        0.798878         106
7               1        0.836735        0.837185          98
28              1        0.863946        0.841348         147
10              2        0.925926        0.878346         135
29              3        0.930233        0.884245         129
15              4        0.946154        0.900686         130
24              1        0.954198        0.915425         131
5               2        0.961905        0.911058         105
20              2        0.968000        0.922634         125
14              4        0.972222        0.937789          72

======================================================================

