======================================================================
MODELLING REPORT
2026-04-07 17:05:06
======================================================================

# RUNNING CONFIG
----------------------------------------------------------------------
{
    "preprocess_calibrate": false,
    "preprocess_cutoff": 20,
    "preprocess_trim": false,
    "augment_jerk": true,
    "augment_mags": false,
    "window_data": false,
    "window_size": 250,
    "window_hop": 125,
    "affect": "stress"
}

======================================================================

# MODELLING CONFIG
----------------------------------------------------------------------
Pipeline(steps=[('scaler', StandardScaler()), ('reducer', SelectKBest(k=50)),
                ('classifier',
                 RandomForestClassifier(class_weight='balanced', max_depth=5,
                                        n_jobs=-1))])

======================================================================

# CV RESULTS
----------------------------------------------------------------------
         fit_time  score_time  test_accuracy  train_accuracy  test_precision  train_precision  test_recall  train_recall   test_f1  train_f1  overfit_gap
Fold 1   0.377529    0.095958       0.385714        0.923913        0.395918         0.930422     0.385714      0.923913  0.388864  0.923396     0.538199
Fold 2   0.389795    0.095098       0.564286        0.945652        0.586280         0.946246     0.564286      0.945652  0.564708  0.945585     0.381366
Fold 3   0.373289    0.089922       0.500000        0.972727        0.500000         0.973608     0.500000      0.972727  0.397477  0.972656     0.472727
Fold 4   0.385222    0.086226       0.281250        0.981818        0.248156         0.982136     0.281250      0.981818  0.256836  0.981792     0.700568
Mean     0.381459    0.091801       0.432812        0.956028        0.432589         0.958103     0.432812      0.956028  0.401971  0.955857     0.523215
Std Dev  0.007435    0.004574       0.125152        0.026350        0.145517         0.023978     0.125152      0.026350  0.126147  0.026546     0.134597

======================================================================

# PER-PARTICIPANT PERFORMANCE (GLOBAL)
----------------------------------------------------------------------
             Fold  Accuracy  Num_Trials
Participant                            
9               1      0.00          20
25              1      0.00          20
23              2      0.00          20
22              4      0.00          20
12              4      0.00          20
4               4      0.00          20
27              3      0.00          20
24              3      0.00          20
19              2      0.05          20
15              3      0.05          20
16              4      0.05          20
21              1      0.05          20
10              2      0.10          20
20              4      0.15          20
28              4      0.20          20
8               3      0.30          20
13              1      0.45          20
1               1      0.60          20
11              3      0.75          20
5               1      0.80          20
17              1      0.80          20
2               2      0.90          20
29              3      0.90          20
7               4      0.90          20
30              4      0.95          20
14              2      0.95          20
6               2      0.95          20
26              2      1.00          20
3               3      1.00          20
18              3      1.00          20

======================================================================

# STABLE FEATURES (GLOBAL)
----------------------------------------------------------------------
Total features stable across ALL folds: 1

Features list:
 - gz__mean_abs_change

======================================================================

# TRIAL-BASED STATS
----------------------------------------------------------------------
Average Prediction Confidence: 0.7143
Avg Confidence when Correct:   0.7366
Avg Confidence when Incorrect: 0.6888
Average Prediction Margin:     0.4285

======================================================================

# TRIAL CONFUSION MATRIX
----------------------------------------------------------------------
            Pred_False  Pred_True
True_False           0        280
True_True            0        320

======================================================================

# PER-PARTICIPANT PERFORMANCE (TRIAL-LEVEL)
----------------------------------------------------------------------
             Fold  Trial_Accuracy  Avg_Confidence  Num_Trials
Participant                                                  
21              1             0.0        0.685112          20
13              1             0.0        0.635481          20
19              2             0.0        0.801036          20
1               1             0.0        0.614019          20
2               2             0.0        0.601560          20
8               3             0.0        0.584017          20
26              2             0.0        0.770841          20
15              3             0.0        0.580545          20
27              3             0.0        0.757657          20
16              4             0.0        0.687379          20
4               4             0.0        0.793142          20
20              4             0.0        0.812405          20
24              3             0.0        0.677407          20
28              4             0.0        0.642143          20
9               1             1.0        0.849781          20
17              1             1.0        0.703767          20
11              3             1.0        0.546460          20
23              2             1.0        0.692706          20
6               2             1.0        0.771198          20
10              2             1.0        0.569931          20
14              2             1.0        0.800299          20
5               1             1.0        0.726198          20
25              1             1.0        0.821051          20
18              3             1.0        0.724332          20
30              4             1.0        0.656239          20
3               3             1.0        0.839445          20
29              3             1.0        0.714505          20
7               4             1.0        0.647542          20
12              4             1.0        0.759511          20
22              4             1.0        0.962222          20

======================================================================

