======================================================================
MODELLING REPORT
2026-04-09 17:57:29
======================================================================

# RUNNING CONFIG
----------------------------------------------------------------------
{
    "preprocess_calibrate": false,
    "preprocess_cutoff": 20,
    "preprocess_trim": false,
    "augment_jerk": true,
    "augment_mags": false,
    "window_data": false,
    "window_size": 250,
    "window_hop": 125,
    "affect": "stress"
}

======================================================================

# MODELLING CONFIG
----------------------------------------------------------------------
Pipeline(steps=[('scaler', StandardScaler()), ('reducer', SelectKBest(k=500)),
                ('selector',
                 RFE(estimator=RandomForestClassifier(n_jobs=-1),
                     n_features_to_select=25, step=0.05)),
                ('classifier',
                 RandomForestClassifier(class_weight='balanced', max_depth=5,
                                        n_estimators=250, n_jobs=-1))])

======================================================================

# CV RESULTS
----------------------------------------------------------------------
          fit_time  score_time  test_accuracy  train_accuracy  test_precision  train_precision  test_recall  train_recall   test_f1  train_f1  overfit_gap
Fold 1   10.106045    0.130842       0.543750        0.972727        0.442460         0.973799     0.543750      0.972727  0.474586  0.972874     0.428977
Fold 2    9.981705    0.133416       0.481250        0.984091        0.414316         0.985331     0.481250      0.984091  0.444931  0.984342     0.502841
Fold 3   10.027922    0.118685       0.478571        0.943478        0.451482         0.949154     0.478571      0.943478  0.464632  0.944590     0.464907
Fold 4    9.829481    0.140969       0.300000        0.982609        0.290110         0.982824     0.300000      0.982609  0.294410  0.982628     0.682609
Mean      9.986289    0.130978       0.450893        0.970726        0.399592         0.972777     0.450893      0.970726  0.419640  0.971109     0.519833
Std Dev   0.116454    0.009254       0.105006        0.018853        0.074685         0.016509     0.105006      0.018853  0.084391  0.018386     0.112630

======================================================================

# PER-PARTICIPANT PERFORMANCE (GLOBAL)
----------------------------------------------------------------------
             Fold  Accuracy  Num_Trials
Participant                            
1               1      0.00          20
9               1      0.00          20
22              2      0.00          20
6               2      0.00          20
11              4      0.00          20
27              4      0.00          20
26              3      0.00          20
3               3      0.00          20
13              2      0.05          20
16              4      0.05          20
4               4      0.10          20
30              1      0.15          20
25              4      0.30          20
12              3      0.35          20
23              2      0.40          20
15              3      0.45          20
21              1      0.55          20
8               4      0.65          20
10              2      0.65          20
19              3      0.75          20
5               1      0.80          20
24              3      0.80          20
2               2      0.85          20
17              1      0.85          20
29              2      0.95          20
18              2      0.95          20
14              1      1.00          20
28              1      1.00          20
7               3      1.00          20
20              4      1.00          20

======================================================================

# STABLE FEATURES (GLOBAL)
----------------------------------------------------------------------
Total features stable across ALL folds: 2

Features list:
 - gy__mean_abs_change
 - gz__skewness

======================================================================

# TRIAL-BASED STATS
----------------------------------------------------------------------
Average Prediction Confidence: 0.6137
Avg Confidence when Correct:   0.6425
Avg Confidence when Incorrect: 0.5896
Average Prediction Margin:     0.3373

======================================================================

# TRIAL CONFUSION MATRIX
----------------------------------------------------------------------
        Pred_0  Pred_1  Pred_2
True_0       1      57      22
True_1      27     263      90
True_2      13     118       9

======================================================================

# PER-PARTICIPANT PERFORMANCE (TRIAL-LEVEL)
----------------------------------------------------------------------
             Fold  Trial_Accuracy  Avg_Confidence  Num_Trials
Participant                                                  
1               1            0.00        0.597984          20
9               1            0.00        0.607039          20
22              2            0.00        0.495948          20
6               2            0.00        0.686503          20
11              4            0.00        0.746579          20
27              4            0.00        0.532887          20
26              3            0.00        0.645490          20
3               3            0.00        0.755800          20
13              2            0.05        0.476027          20
16              4            0.05        0.678757          20
4               4            0.10        0.583641          20
30              1            0.15        0.645540          20
25              4            0.30        0.499639          20
12              3            0.35        0.505720          20
23              2            0.40        0.463964          20
15              3            0.45        0.504903          20
21              1            0.55        0.484003          20
8               4            0.65        0.483466          20
10              2            0.65        0.594371          20
19              3            0.75        0.529364          20
5               1            0.80        0.662785          20
24              3            0.80        0.626022          20
2               2            0.85        0.551565          20
17              1            0.85        0.701912          20
18              2            0.95        0.734469          20
29              2            0.95        0.628076          20
28              1            1.00        0.603007          20
14              1            1.00        0.753477          20
7               3            1.00        0.745958          20
20              4            1.00        0.884771          20

======================================================================

