======================================================================
MODELLING REPORT
2026-04-07 17:03:09
======================================================================

# RUNNING CONFIG
----------------------------------------------------------------------
{
    "preprocess_calibrate": false,
    "preprocess_cutoff": 20,
    "preprocess_trim": false,
    "augment_jerk": true,
    "augment_mags": false,
    "window_data": false,
    "window_size": 250,
    "window_hop": 125,
    "affect": "stress"
}

======================================================================

# MODELLING CONFIG
----------------------------------------------------------------------
Pipeline(steps=[('scaler', StandardScaler()), ('reducer', SelectKBest(k=50)),
                ('classifier', RandomForestClassifier(max_depth=5))])

======================================================================

# CV RESULTS
----------------------------------------------------------------------
         fit_time  score_time  test_accuracy  train_accuracy  test_precision  train_precision  test_recall  train_recall   test_f1  train_f1  overfit_gap
Fold 1   0.375382    0.047472       0.378571        0.923913        0.384322         0.930422     0.378571      0.923913  0.380977  0.923396     0.545342
Fold 2   0.368640    0.048942       0.600000        0.945652        0.612745         0.947414     0.600000      0.945652  0.601966  0.945517     0.345652
Fold 3   0.361213    0.048069       0.518750        0.943182        0.612045         0.948542     0.518750      0.943182  0.392235  0.942694     0.424432
Fold 4   0.355939    0.050021       0.281250        0.965909        0.229469         0.966939     0.281250      0.965909  0.245128  0.965809     0.684659
Mean     0.365294    0.048626       0.444643        0.944664        0.459645         0.948330     0.444643      0.944664  0.405076  0.944354     0.500021
Std Dev  0.008508    0.001109       0.142233        0.017177        0.187368         0.014921     0.142233      0.017177  0.147303  0.017356     0.147974

======================================================================

# PER-PARTICIPANT PERFORMANCE (GLOBAL)
----------------------------------------------------------------------
             Fold  Accuracy  Num_Trials
Participant                            
9               1      0.00          20
21              1      0.00          20
25              1      0.00          20
19              2      0.00          20
23              2      0.00          20
4               4      0.00          20
27              3      0.00          20
24              3      0.00          20
22              4      0.00          20
15              3      0.05          20
16              4      0.05          20
12              4      0.05          20
20              4      0.10          20
28              4      0.10          20
8               3      0.20          20
13              1      0.30          20
10              2      0.35          20
1               1      0.65          20
17              1      0.80          20
2               2      0.90          20
5               1      0.90          20
7               4      0.95          20
18              3      0.95          20
14              2      0.95          20
29              3      0.95          20
3               3      1.00          20
6               2      1.00          20
26              2      1.00          20
11              3      1.00          20
30              4      1.00          20

======================================================================

# STABLE FEATURES (GLOBAL)
----------------------------------------------------------------------
Total features stable across ALL folds: 1

Features list:
 - gz__mean_abs_change

======================================================================

# TRIAL-BASED STATS
----------------------------------------------------------------------
Average Prediction Confidence: 0.7214
Avg Confidence when Correct:   0.7441
Avg Confidence when Incorrect: 0.6955
Average Prediction Margin:     0.4428

======================================================================

# TRIAL CONFUSION MATRIX
----------------------------------------------------------------------
            Pred_False  Pred_True
True_False           0        280
True_True            0        320

======================================================================

# PER-PARTICIPANT PERFORMANCE (TRIAL-LEVEL)
----------------------------------------------------------------------
             Fold  Trial_Accuracy  Avg_Confidence  Num_Trials
Participant                                                  
21              1             0.0        0.702071          20
13              1             0.0        0.623590          20
19              2             0.0        0.813280          20
1               1             0.0        0.619379          20
2               2             0.0        0.572835          20
8               3             0.0        0.612500          20
26              2             0.0        0.735892          20
15              3             0.0        0.593489          20
27              3             0.0        0.796373          20
16              4             0.0        0.700359          20
4               4             0.0        0.807661          20
20              4             0.0        0.817791          20
24              3             0.0        0.671630          20
28              4             0.0        0.670207          20
9               1             1.0        0.824757          20
17              1             1.0        0.727157          20
11              3             1.0        0.595129          20
23              2             1.0        0.687107          20
6               2             1.0        0.771271          20
10              2             1.0        0.555188          20
14              2             1.0        0.792700          20
5               1             1.0        0.741502          20
25              1             1.0        0.810800          20
18              3             1.0        0.731647          20
30              4             1.0        0.740445          20
3               3             1.0        0.816175          20
29              3             1.0        0.716222          20
7               4             1.0        0.718170          20
12              4             1.0        0.727436          20
22              4             1.0        0.949347          20

======================================================================

