======================================================================
                    Modelling report 
2026-04-07 11:59:48
======================================================================

# Running config
----------------------------------------------------------------------
{
    "preprocess_calibrate": false,
    "preprocess_cutoff": 20,
    "preprocess_trim": false,
    "augment_jerk": false,
    "augment_mags": false,
    "window_data": false,
    "window_size": 250,
    "window_hop": 125,
    "affect": "stress"
}

======================================================================

# CV Result stats
----------------------------------------------------------------------
          fit_time  score_time  test_accuracy  train_accuracy  test_precision  train_precision  test_recall  train_recall   test_f1  train_f1  overfit_gap
Fold 1   46.814097    0.224585       0.556250             1.0        0.491004              1.0     0.556250           1.0  0.519287       1.0     0.443750
Fold 2   44.332334    0.331414       0.775000             1.0        0.829545              1.0     0.775000           1.0  0.767497       1.0     0.225000
Fold 3   47.973879    0.172088       0.492857             1.0        0.616071              1.0     0.492857           1.0  0.547619       1.0     0.507143
Fold 4   44.563516    0.344354       0.528571             1.0        0.413210              1.0     0.528571           1.0  0.438503       1.0     0.471429
Mean     45.920956    0.268110       0.588170             1.0        0.587458              1.0     0.588170           1.0  0.568226       1.0     0.411830
Std Dev   1.768102    0.083537       0.127228             0.0        0.181742              0.0     0.127228           0.0  0.140661       0.0     0.127228

======================================================================

# Per-participant performance
----------------------------------------------------------------------
             Fold  Accuracy  Num_Trials
Participant                            
22              2      0.00          20
27              4      0.00          20
19              3      0.00          20
3               3      0.00          20
11              4      0.00          20
1               1      0.05          20
9               1      0.05          20
30              1      0.10          20
25              4      0.25          20
21              1      0.40          20
26              3      0.45          20
12              3      0.55          20
16              4      0.60          20
2               2      0.60          20
24              3      0.65          20
13              2      0.75          20
15              3      0.80          20
6               2      0.85          20
4               4      0.90          20
5               1      0.90          20
17              1      0.95          20
8               4      0.95          20
14              1      1.00          20
28              1      1.00          20
29              2      1.00          20
23              2      1.00          20
18              2      1.00          20
10              2      1.00          20
7               3      1.00          20
20              4      1.00          20

======================================================================

# Stable features
----------------------------------------------------------------------
Total features stable across ALL folds: 1

Features list:
 - az__mean_abs_change
