======================================================================
MODELLING REPORT
2026-04-09 18:19:18
======================================================================

# RUNNING CONFIG
----------------------------------------------------------------------
{
    "preprocess_calibrate": false,
    "preprocess_cutoff": 20,
    "preprocess_trim": false,
    "augment_jerk": true,
    "augment_mags": false,
    "window_data": false,
    "window_size": 250,
    "window_hop": 125,
    "affect": "stress"
}

======================================================================

# MODELLING CONFIG
----------------------------------------------------------------------
Pipeline(steps=[('scaler', StandardScaler()), ('reducer', SelectKBest(k=500)),
                ('selector',
                 RFE(estimator=RandomForestClassifier(n_estimators=50,
                                                      n_jobs=-1),
                     n_features_to_select=50, step=0.05)),
                ('classifier', GradientBoostingClassifier(n_estimators=50))])

======================================================================

# CV RESULTS
----------------------------------------------------------------------
         fit_time  score_time  test_accuracy  train_accuracy  test_precision  train_precision  test_recall  train_recall   test_f1  train_f1  overfit_gap
Fold 1   5.750641    0.047833       0.537500             1.0        0.479284              1.0     0.537500           1.0  0.503492       1.0     0.462500
Fold 2   5.725547    0.050614       0.593750             1.0        0.453646              1.0     0.593750           1.0  0.496434       1.0     0.406250
Fold 3   5.718002    0.045138       0.550000             1.0        0.470085              1.0     0.550000           1.0  0.506912       1.0     0.450000
Fold 4   5.838253    0.065938       0.307143             1.0        0.274376              1.0     0.307143           1.0  0.289815       1.0     0.692857
Mean     5.758111    0.052381       0.497098             1.0        0.419348              1.0     0.497098           1.0  0.449163       1.0     0.502902
Std Dev  0.055220    0.009310       0.128913             0.0        0.097228              0.0     0.128913           0.0  0.106322       0.0     0.128913

======================================================================

# PER-PARTICIPANT PERFORMANCE (GLOBAL)
----------------------------------------------------------------------
             Fold  Accuracy  Num_Trials
Participant                            
1               1      0.00          20
6               2      0.00          20
13              2      0.00          20
3               3      0.00          20
11              4      0.00          20
27              4      0.00          20
26              3      0.00          20
16              4      0.05          20
30              1      0.10          20
22              2      0.10          20
21              1      0.10          20
12              3      0.20          20
9               1      0.20          20
25              4      0.25          20
4               4      0.30          20
8               4      0.55          20
19              3      0.65          20
23              2      0.70          20
17              1      0.95          20
29              2      0.95          20
5               1      0.95          20
14              1      1.00          20
2               2      1.00          20
28              1      1.00          20
18              2      1.00          20
10              2      1.00          20
7               3      1.00          20
15              3      1.00          20
24              3      1.00          20
20              4      1.00          20

======================================================================

# STABLE FEATURES (GLOBAL)
----------------------------------------------------------------------
Total features stable across ALL folds: 1

Features list:
 - gx__fft_coefficient__attr_"real"__coeff_2

======================================================================

# TRIAL-BASED STATS
----------------------------------------------------------------------
Average Prediction Confidence: 0.8515
Avg Confidence when Correct:   0.8743
Avg Confidence when Incorrect: 0.8286
Average Prediction Margin:     0.7327

======================================================================

# TRIAL CONFUSION MATRIX
----------------------------------------------------------------------
        Pred_0  Pred_1  Pred_2
True_0       0      54      26
True_1      26     288      66
True_2       1     126      13

======================================================================

# PER-PARTICIPANT PERFORMANCE (TRIAL-LEVEL)
----------------------------------------------------------------------
             Fold  Trial_Accuracy  Avg_Confidence  Num_Trials
Participant                                                  
1               1            0.00        0.789116          20
6               2            0.00        0.936678          20
13              2            0.00        0.719160          20
3               3            0.00        0.985245          20
11              4            0.00        0.895300          20
27              4            0.00        0.838287          20
26              3            0.00        0.981687          20
16              4            0.05        0.891252          20
21              1            0.10        0.644223          20
22              2            0.10        0.845113          20
30              1            0.10        0.916126          20
12              3            0.20        0.739495          20
9               1            0.20        0.739476          20
25              4            0.25        0.788603          20
4               4            0.30        0.728150          20
8               4            0.55        0.731150          20
19              3            0.65        0.753703          20
23              2            0.70        0.715466          20
17              1            0.95        0.940290          20
29              2            0.95        0.878197          20
5               1            0.95        0.880852          20
28              1            1.00        0.970343          20
10              2            1.00        0.900509          20
14              1            1.00        0.954014          20
2               2            1.00        0.860178          20
18              2            1.00        0.959339          20
7               3            1.00        0.865796          20
15              3            1.00        0.770816          20
24              3            1.00        0.960300          20
20              4            1.00        0.967259          20

======================================================================

