======================================================================
Modelling report
2026-04-07 12:31:09
======================================================================

# Running config
----------------------------------------------------------------------
{
    "preprocess_calibrate": false,
    "preprocess_cutoff": 20,
    "preprocess_trim": false,
    "augment_jerk": false,
    "augment_mags": false,
    "window_data": false,
    "window_size": 250,
    "window_hop": 125,
    "affect": "stress"
}

======================================================================

# Pipeline config
----------------------------------------------------------------------
Pipeline(steps=[('scaler', StandardScaler()), ('reducer', SelectKBest(k=100)),
                ('selector',
                 RFECV(estimator=RandomForestClassifier(n_jobs=-1), step=0.05)),
                ('classifier',
                 RandomForestClassifier(n_estimators=1000, n_jobs=-1))])

======================================================================

# CV Result stats
----------------------------------------------------------------------
          fit_time  score_time  test_accuracy  train_accuracy  test_precision  train_precision  test_recall  train_recall   test_f1  train_f1  overfit_gap
Fold 1   43.915095    0.423336       0.575000             1.0        0.500440              1.0     0.575000           1.0  0.531641       1.0     0.425000
Fold 2   45.158988    0.357067       0.781250             1.0        0.832242              1.0     0.781250           1.0  0.772186       1.0     0.218750
Fold 3   47.621895    0.174210       0.507143             1.0        0.634568              1.0     0.507143           1.0  0.563626       1.0     0.492857
Fold 4   45.526134    0.279400       0.528571             1.0        0.419342              1.0     0.528571           1.0  0.444875       1.0     0.471429
Mean     45.555528    0.308503       0.597991             1.0        0.596648              1.0     0.597991           1.0  0.578082       1.0     0.402009
Std Dev   1.540454    0.107124       0.125413             0.0        0.180404              0.0     0.125413           0.0  0.138788       0.0     0.125413

======================================================================

# Per-participant performance
----------------------------------------------------------------------
             Fold  Accuracy  Num_Trials
Participant                            
9               1      0.00          20
22              2      0.00          20
19              3      0.00          20
3               3      0.00          20
11              4      0.00          20
27              4      0.00          20
1               1      0.10          20
30              1      0.15          20
25              4      0.30          20
21              1      0.45          20
24              3      0.55          20
12              3      0.55          20
26              3      0.60          20
2               2      0.65          20
16              4      0.65          20
13              2      0.75          20
4               4      0.80          20
6               2      0.85          20
15              3      0.85          20
5               1      0.90          20
8               4      0.95          20
17              1      1.00          20
28              1      1.00          20
14              1      1.00          20
29              2      1.00          20
23              2      1.00          20
18              2      1.00          20
10              2      1.00          20
7               3      1.00          20
20              4      1.00          20

======================================================================

# Per-trial performance
----------------------------------------------------------------------
             Fold  Trial_Accuracy  Num_Trials
Participant                                  
9               1            0.00          20
22              2            0.00          20
3               3            0.00          20
19              3            0.00          20
11              4            0.00          20
27              4            0.00          20
1               1            0.10          20
30              1            0.15          20
25              4            0.30          20
21              1            0.45          20
12              3            0.55          20
24              3            0.55          20
26              3            0.60          20
2               2            0.65          20
16              4            0.65          20
13              2            0.75          20
4               4            0.80          20
6               2            0.85          20
15              3            0.85          20
5               1            0.90          20
8               4            0.95          20
28              1            1.00          20
17              1            1.00          20
14              1            1.00          20
23              2            1.00          20
18              2            1.00          20
10              2            1.00          20
29              2            1.00          20
7               3            1.00          20
20              4            1.00          20

======================================================================

# Stable features
----------------------------------------------------------------------
Total features stable across ALL folds: 3

Features list:
 - az__mean_abs_change
 - az__root_mean_square
 - gx__mean_abs_change
