======================================================================
MODELLING REPORT
2026-04-09 17:54:48
======================================================================

# RUNNING CONFIG
----------------------------------------------------------------------
{
    "preprocess_calibrate": false,
    "preprocess_cutoff": 20,
    "preprocess_trim": false,
    "augment_jerk": true,
    "augment_mags": false,
    "window_data": false,
    "window_size": 250,
    "window_hop": 125,
    "affect": "stress"
}

======================================================================

# MODELLING CONFIG
----------------------------------------------------------------------
Pipeline(steps=[('scaler', StandardScaler()), ('reducer', SelectKBest(k=500)),
                ('selector',
                 RFE(estimator=RandomForestClassifier(n_jobs=-1),
                     n_features_to_select=25, step=0.05)),
                ('classifier',
                 RandomForestClassifier(class_weight='balanced', max_depth=5,
                                        n_estimators=250, n_jobs=-1))])

======================================================================

# CV RESULTS
----------------------------------------------------------------------
         fit_time  score_time  test_accuracy  train_accuracy  test_precision  train_precision  test_recall  train_recall   test_f1  train_f1  overfit_gap
Fold 1   5.345222    0.121089       0.500000             1.0        0.402344              1.0     0.500000           1.0  0.444444       1.0     0.500000
Fold 2   5.358780    0.121293       0.575000             1.0        0.434524              1.0     0.575000           1.0  0.489583       1.0     0.425000
Fold 3   5.385841    0.123175       0.485714             1.0        0.449735              1.0     0.485714           1.0  0.467033       1.0     0.514286
Fold 4   5.287105    0.129486       0.514286             1.0        0.311688              1.0     0.514286           1.0  0.388140       1.0     0.485714
Mean     5.344237    0.123761       0.518750             1.0        0.399573              1.0     0.518750           1.0  0.447300       1.0     0.481250
Std Dev  0.041663    0.003930       0.039272             0.0        0.061831              0.0     0.039272           0.0  0.043533       0.0     0.039272

======================================================================

# PER-PARTICIPANT PERFORMANCE (GLOBAL)
----------------------------------------------------------------------
             Fold  Accuracy  Num_Trials
Participant                            
1               1       0.0           5
30              1       0.0           5
22              2       0.0           5
6               2       0.0           5
11              4       0.0           5
26              3       0.0           5
12              3       0.0           5
3               3       0.0           5
25              4       0.0           5
27              4       0.0           5
9               1       0.2           5
13              2       0.2           5
23              2       0.4           5
14              1       0.4           5
17              1       0.6           5
15              3       0.6           5
19              3       0.8           5
8               4       0.8           5
5               1       0.8           5
4               4       0.8           5
21              1       1.0           5
28              1       1.0           5
2               2       1.0           5
10              2       1.0           5
29              2       1.0           5
18              2       1.0           5
24              3       1.0           5
7               3       1.0           5
20              4       1.0           5
16              4       1.0           5

======================================================================

# STABLE FEATURES (GLOBAL)
----------------------------------------------------------------------
Total features stable across ALL folds: 0

Features list:

======================================================================

# TRIAL-BASED STATS
----------------------------------------------------------------------
Average Prediction Confidence: 0.6432
Avg Confidence when Correct:   0.6638
Avg Confidence when Incorrect: 0.6209
Average Prediction Margin:     0.3635

======================================================================

# TRIAL CONFUSION MATRIX
----------------------------------------------------------------------
        Pred_0  Pred_1  Pred_2
True_0       1      18       1
True_1       2      76      17
True_2       1      33       1

======================================================================

# PER-PARTICIPANT PERFORMANCE (TRIAL-LEVEL)
----------------------------------------------------------------------
             Fold  Trial_Accuracy  Avg_Confidence  Num_Trials
Participant                                                  
1               1             0.0        0.677551           5
30              1             0.0        0.823379           5
6               2             0.0        0.758091           5
22              2             0.0        0.506066           5
11              4             0.0        0.736295           5
12              3             0.0        0.481942           5
26              3             0.0        0.635232           5
3               3             0.0        0.711812           5
25              4             0.0        0.598691           5
27              4             0.0        0.474493           5
9               1             0.2        0.684834           5
13              2             0.2        0.608431           5
23              2             0.4        0.484245           5
14              1             0.4        0.564665           5
17              1             0.6        0.637578           5
15              3             0.6        0.570621           5
4               4             0.8        0.552878           5
8               4             0.8        0.672945           5
5               1             0.8        0.669252           5
19              3             0.8        0.578098           5
21              1             1.0        0.579388           5
28              1             1.0        0.696955           5
10              2             1.0        0.761625           5
29              2             1.0        0.666077           5
18              2             1.0        0.736785           5
2               2             1.0        0.620428           5
24              3             1.0        0.667465           5
7               3             1.0        0.797948           5
20              4             1.0        0.797453           5
16              4             1.0        0.546065           5

======================================================================

