======================================================================
MODELLING REPORT
2026-04-10 13:00:58
======================================================================

# RUNNING CONFIG
----------------------------------------------------------------------
{
    "preprocess_calibrate": false,
    "preprocess_cutoff": 20,
    "preprocess_trim": false,
    "augment_jerk": true,
    "augment_mags": false,
    "window_data": false,
    "window_size": 250,
    "window_hop": 125,
    "affect": "stress"
}

======================================================================

# MODELLING CONFIG
----------------------------------------------------------------------
Pipeline(steps=[('scaler', StandardScaler()), ('reducer', SelectKBest(k=1000)),
                ('selector',
                 RFE(estimator=RandomForestClassifier(n_estimators=50,
                                                      n_jobs=-1),
                     n_features_to_select=100, step=0.05)),
                ('classifier', RandomForestClassifier(n_estimators=250))])

======================================================================

# CV RESULTS
----------------------------------------------------------------------
         fit_time  score_time  test_accuracy  train_accuracy  test_precision  train_precision  test_recall  train_recall   test_f1  train_f1  overfit_gap
Fold 1   8.273950    0.044150       0.600000             1.0        0.453441              1.0     0.600000           1.0  0.501165       1.0     0.400000
Fold 2   8.274814    0.047158       0.612500             1.0        0.419521              1.0     0.612500           1.0  0.497967       1.0     0.387500
Fold 3   8.243419    0.039847       0.542857             1.0        0.467980              1.0     0.542857           1.0  0.502646       1.0     0.457143
Fold 4   8.240109    0.043230       0.392857             1.0        0.344618              1.0     0.392857           1.0  0.367158       1.0     0.607143
Mean     8.258073    0.043596       0.537054             1.0        0.421390              1.0     0.537054           1.0  0.467234       1.0     0.462946
Std Dev  0.018884    0.003010       0.100798             0.0        0.055062              0.0     0.100798           0.0  0.066746       0.0     0.100798

======================================================================

# PER-PARTICIPANT PERFORMANCE (GLOBAL)
----------------------------------------------------------------------
             Fold  Accuracy  Num_Trials
Participant                            
1               1      0.00          20
30              1      0.00          20
13              2      0.00          20
6               2      0.00          20
22              2      0.00          20
27              4      0.00          20
26              3      0.00          20
3               3      0.00          20
11              4      0.00          20
9               1      0.10          20
16              4      0.20          20
12              3      0.25          20
8               4      0.40          20
25              4      0.55          20
4               4      0.60          20
19              3      0.65          20
21              1      0.75          20
5               1      0.95          20
7               3      0.95          20
15              3      0.95          20
2               2      0.95          20
23              2      0.95          20
17              1      1.00          20
14              1      1.00          20
29              2      1.00          20
18              2      1.00          20
10              2      1.00          20
28              1      1.00          20
24              3      1.00          20
20              4      1.00          20

======================================================================

# STABLE FEATURES (GLOBAL)
----------------------------------------------------------------------
Total features stable across ALL folds: 1

Features list:
 - gx__friedrich_coefficients__coeff_3__m_3__r_30

======================================================================

# TRIAL-BASED STATS
----------------------------------------------------------------------
Average Prediction Confidence: 0.7038
Avg Confidence when Correct:   0.7261
Avg Confidence when Incorrect: 0.6774
Average Prediction Margin:     0.4850

======================================================================

# TRIAL CONFUSION MATRIX
----------------------------------------------------------------------
        Pred_0  Pred_1  Pred_2
True_0       0      61      19
True_1       6     312      62
True_2       3     124      13

======================================================================

# PER-PARTICIPANT PERFORMANCE (TRIAL-LEVEL)
----------------------------------------------------------------------
             Fold  Trial_Accuracy  Avg_Confidence  Num_Trials
Participant                                                  
30              1            0.00          0.8204          20
1               1            0.00          0.6126          20
13              2            0.00          0.5666          20
6               2            0.00          0.8530          20
22              2            0.00          0.6940          20
27              4            0.00          0.7350          20
26              3            0.00          0.9152          20
3               3            0.00          0.8940          20
11              4            0.00          0.6196          20
9               1            0.10          0.4552          20
16              4            0.20          0.6132          20
12              3            0.25          0.5860          20
8               4            0.40          0.5482          20
25              4            0.55          0.5702          20
4               4            0.60          0.5454          20
19              3            0.65          0.5906          20
21              1            0.75          0.4608          20
5               1            0.95          0.7220          20
15              3            0.95          0.6140          20
7               3            0.95          0.7138          20
23              2            0.95          0.6640          20
2               2            0.95          0.6868          20
28              1            1.00          0.8806          20
14              1            1.00          0.7604          20
18              2            1.00          0.8704          20
29              2            1.00          0.8242          20
10              2            1.00          0.7700          20
17              1            1.00          0.8464          20
24              3            1.00          0.7926          20
20              4            1.00          0.8882          20

======================================================================

