======================================================================
MODELLING REPORT
2026-04-09 18:05:51
======================================================================

# RUNNING CONFIG
----------------------------------------------------------------------
{
    "preprocess_calibrate": false,
    "preprocess_cutoff": 20,
    "preprocess_trim": false,
    "augment_jerk": true,
    "augment_mags": false,
    "window_data": false,
    "window_size": 250,
    "window_hop": 125,
    "affect": "stress"
}

======================================================================

# MODELLING CONFIG
----------------------------------------------------------------------
Pipeline(steps=[('scaler', StandardScaler()), ('reducer', SelectKBest(k=500)),
                ('selector',
                 RFE(estimator=RandomForestClassifier(n_jobs=-1),
                     n_features_to_select=50, step=0.05)),
                ('classifier', GradientBoostingClassifier(n_estimators=250))])

======================================================================

# CV RESULTS
----------------------------------------------------------------------
          fit_time  score_time  test_accuracy  train_accuracy  test_precision  train_precision  test_recall  train_recall   test_f1  train_f1  overfit_gap
Fold 1   13.602120    0.040302       0.550000             1.0        0.439369              1.0     0.550000           1.0  0.484150       1.0     0.450000
Fold 2   13.592199    0.039847       0.537500             1.0        0.458530              1.0     0.537500           1.0  0.491573       1.0     0.462500
Fold 3   13.970430    0.034376       0.528571             1.0        0.463659              1.0     0.528571           1.0  0.493992       1.0     0.471429
Fold 4   13.814253    0.035600       0.328571             1.0        0.306576              1.0     0.328571           1.0  0.309428       1.0     0.671429
Mean     13.744751    0.037531       0.486161             1.0        0.417033              1.0     0.486161           1.0  0.444786       1.0     0.513839
Std Dev   0.182005    0.002985       0.105426             0.0        0.074377              0.0     0.105426           0.0  0.090336       0.0     0.105426

======================================================================

# PER-PARTICIPANT PERFORMANCE (GLOBAL)
----------------------------------------------------------------------
             Fold  Accuracy  Num_Trials
Participant                            
1               1      0.00          20
9               1      0.00          20
13              2      0.00          20
6               2      0.00          20
26              3      0.00          20
11              4      0.00          20
3               3      0.00          20
30              1      0.05          20
27              4      0.05          20
16              4      0.20          20
25              4      0.25          20
4               4      0.25          20
22              2      0.35          20
12              3      0.50          20
21              1      0.50          20
2               2      0.55          20
8               4      0.55          20
19              3      0.65          20
15              3      0.65          20
23              2      0.65          20
29              2      0.80          20
5               1      0.90          20
17              1      0.95          20
10              2      0.95          20
24              3      0.95          20
7               3      0.95          20
14              1      1.00          20
28              1      1.00          20
18              2      1.00          20
20              4      1.00          20

======================================================================

# STABLE FEATURES (GLOBAL)
----------------------------------------------------------------------
Total features stable across ALL folds: 6

Features list:
 - p__mean_abs_change
 - ay__permutation_entropy__dimension_4__tau_1
 - az__fft_aggregated__aggtype_"skew"
 - gx__fft_coefficient__attr_"abs"__coeff_2
 - gy__mean_abs_change
 - gz__skewness

======================================================================

# TRIAL-BASED STATS
----------------------------------------------------------------------
Average Prediction Confidence: 0.9324
Avg Confidence when Correct:   0.9419
Avg Confidence when Incorrect: 0.9233
Average Prediction Margin:     0.8693

======================================================================

# TRIAL CONFUSION MATRIX
----------------------------------------------------------------------
        Pred_0  Pred_1  Pred_2
True_0       1      63      16
True_1      27     280      73
True_2       9     118      13

======================================================================

# PER-PARTICIPANT PERFORMANCE (TRIAL-LEVEL)
----------------------------------------------------------------------
             Fold  Trial_Accuracy  Avg_Confidence  Num_Trials
Participant                                                  
1               1            0.00        0.829274          20
9               1            0.00        0.844785          20
13              2            0.00        0.957124          20
6               2            0.00        0.998860          20
26              3            0.00        0.998370          20
11              4            0.00        0.999452          20
3               3            0.00        0.998985          20
30              1            0.05        0.998162          20
27              4            0.05        0.973936          20
16              4            0.20        0.913617          20
4               4            0.25        0.921517          20
25              4            0.25        0.871939          20
22              2            0.35        0.874024          20
12              3            0.50        0.853298          20
21              1            0.50        0.827694          20
2               2            0.55        0.873853          20
8               4            0.55        0.844893          20
15              3            0.65        0.892132          20
19              3            0.65        0.865488          20
23              2            0.65        0.914924          20
29              2            0.80        0.986369          20
5               1            0.90        0.972975          20
17              1            0.95        0.968740          20
10              2            0.95        0.863433          20
24              3            0.95        0.975447          20
7               3            0.95        0.974466          20
28              1            1.00        0.994689          20
14              1            1.00        0.986045          20
18              2            1.00        0.998431          20
20              4            1.00        0.999725          20

======================================================================

