======================================================================
MODELLING REPORT
2026-04-13 13:31:30
======================================================================

# RUNNING CONFIG
----------------------------------------------------------------------
{
    "preprocess_calibrate": false,
    "preprocess_cutoff": 20,
    "preprocess_trim": false,
    "augment_jerk": true,
    "augment_mags": false,
    "window_data": true,
    "window_size": 250,
    "window_hop": 125,
    "affect": "stress"
}

======================================================================

# MODELLING CONFIG
----------------------------------------------------------------------
Pipeline(steps=[('scaler', StandardScaler()), ('reducer', SelectKBest(k=100)),
                ('selector',
                 RFE(estimator=RandomForestClassifier(n_jobs=-1),
                     n_features_to_select=10)),
                ('classifier', SVC(kernel='linear', probability=True))])

======================================================================

# CV RESULTS
----------------------------------------------------------------------
           fit_time  score_time  test_accuracy  train_accuracy  test_precision  train_precision  test_recall  train_recall   test_f1  train_f1  overfit_gap
Fold 1   121.234342    0.074881       0.554600        0.602217        0.307581         0.362665     0.554600      0.602217  0.395705  0.452705     0.047617
Fold 2   120.522943    0.056056       0.395210        0.733891        0.296782         0.725249     0.395210      0.733891  0.330673  0.718043     0.338681
Fold 3   120.329476    0.057284       0.378593        0.720584        0.377566         0.728054     0.378593      0.720584  0.377789  0.700272     0.341991
Fold 4   120.948799    0.054418       0.436553        0.691556        0.335511         0.529269     0.436553      0.691556  0.379417  0.598940     0.255003
Mean     120.758890    0.060660       0.441239        0.687062        0.329360         0.586309     0.441239      0.687062  0.370896  0.617490     0.245823
Std Dev    0.409140    0.009553       0.079406        0.059261        0.036043         0.175752     0.079406      0.059261  0.028009  0.121740     0.138131

======================================================================

# PER-PARTICIPANT PERFORMANCE (GLOBAL)
----------------------------------------------------------------------
             Fold  Accuracy  Num_Trials
Participant                            
13              1  0.000000         252
9               1  0.000000         130
30              1  0.000000         136
6               2  0.000000         108
1               3  0.000000         160
27              2  0.000000         158
25              4  0.000000         166
3               4  0.000000         102
26              4  0.006135         163
22              2  0.018182         165
11              3  0.075758         198
16              3  0.101796         167
12              2  0.189320         206
23              4  0.467836         171
4               3  0.490385         104
19              3  0.682759         145
15              4  0.723077         130
17              3  0.820755         106
14              4  0.847222          72
2               4  0.854015         137
29              3  0.875969         129
21              4  0.939130         115
10              2  0.962963         135
20              2  0.968000         125
5               2  0.980952         105
7               1  1.000000          98
24              1  1.000000         131
8               1  1.000000         147
28              1  1.000000         147
18              1  1.000000         122

======================================================================

# STABLE FEATURES (GLOBAL)
----------------------------------------------------------------------
Total features stable across ALL folds: 0

Features list:

======================================================================

# TRIAL-BASED STATS
----------------------------------------------------------------------
Average Prediction Confidence: 0.6732
Avg Confidence when Correct:   0.6784
Avg Confidence when Incorrect: 0.6690
Average Prediction Margin:     0.4309

======================================================================

# TRIAL CONFUSION MATRIX
----------------------------------------------------------------------
        Pred_0  Pred_1  Pred_2
True_0       0     689      44
True_1     323    1870     299
True_2     127     856      22

======================================================================

# PER-PARTICIPANT PERFORMANCE (TRIAL-LEVEL)
----------------------------------------------------------------------
             Fold  Trial_Accuracy  Avg_Confidence  Num_Trials
Participant                                                  
13              1        0.000000        0.670048         252
9               1        0.000000        0.665863         130
30              1        0.000000        0.708159         136
27              2        0.000000        0.809259         158
6               2        0.000000        0.764438         108
26              4        0.000000        0.713187         163
3               4        0.000000        0.710546         102
1               3        0.000000        0.669314         160
25              4        0.006024        0.616172         166
22              2        0.018182        0.714027         165
16              3        0.077844        0.690983         167
11              3        0.090909        0.575263         198
12              2        0.218447        0.555613         206
4               3        0.490385        0.574896         104
23              4        0.549708        0.618387         171
19              3        0.606897        0.576170         145
15              4        0.746154        0.609485         130
17              3        0.783019        0.673887         106
29              3        0.860465        0.672775         129
2               4        0.868613        0.643106         137
14              4        0.875000        0.673354          72
10              2        0.962963        0.797122         135
21              4        0.965217        0.677214         115
20              2        0.968000        0.888392         125
8               1        0.979592        0.608833         147
5               2        0.980952        0.795270         105
18              1        0.991803        0.643369         122
7               1        1.000000        0.672322          98
24              1        1.000000        0.724106         131
28              1        1.000000        0.638722         147

======================================================================

