======================================================================
MODELLING REPORT
2026-04-10 13:11:07
======================================================================

# RUNNING CONFIG
----------------------------------------------------------------------
{
    "preprocess_calibrate": false,
    "preprocess_cutoff": 20,
    "preprocess_trim": false,
    "augment_jerk": true,
    "augment_mags": false,
    "window_data": false,
    "window_size": 250,
    "window_hop": 125,
    "affect": "stress"
}

======================================================================

# MODELLING CONFIG
----------------------------------------------------------------------
Pipeline(steps=[('scaler', StandardScaler()), ('reducer', SelectKBest(k=1000)),
                ('selector',
                 RFE(estimator=RandomForestClassifier(n_estimators=50,
                                                      n_jobs=-1),
                     n_features_to_select=100, step=0.05)),
                ('classifier',
                 RandomForestClassifier(class_weight='balanced', max_depth=5,
                                        n_estimators=25, n_jobs=-1))])

======================================================================

# CV RESULTS
----------------------------------------------------------------------
         fit_time  score_time  test_accuracy  train_accuracy  test_precision  train_precision  test_recall  train_recall   test_f1  train_f1  overfit_gap
Fold 1   5.879594    0.062068       0.537500        0.995455        0.389493         0.995492     0.537500      0.995455  0.451681  0.995458     0.457955
Fold 2   5.886249    0.055959       0.575000        0.986364        0.425481         0.986335     0.575000      0.986364  0.483392  0.986319     0.411364
Fold 3   5.880179    0.069206       0.542857        0.963043        0.467980         0.967629     0.542857      0.963043  0.502646  0.963687     0.420186
Fold 4   5.838481    0.050925       0.350000        0.995652        0.307381         0.995737     0.350000      0.995652  0.327263  0.995666     0.645652
Mean     5.871126    0.059539       0.501339        0.985128        0.397584         0.986298     0.501339      0.985128  0.441245  0.985283     0.483789
Std Dev  0.021970    0.007892       0.102243        0.015348        0.068156         0.013193     0.102243      0.015348  0.078840  0.015042     0.109784

======================================================================

# PER-PARTICIPANT PERFORMANCE (GLOBAL)
----------------------------------------------------------------------
             Fold  Accuracy  Num_Trials
Participant                            
1               1      0.00          20
9               1      0.00          20
30              1      0.00          20
13              2      0.00          20
22              2      0.00          20
27              4      0.00          20
26              3      0.00          20
3               3      0.00          20
11              4      0.05          20
6               2      0.05          20
16              4      0.15          20
12              3      0.20          20
4               4      0.30          20
25              4      0.30          20
21              1      0.55          20
8               4      0.65          20
19              3      0.70          20
2               2      0.75          20
5               1      0.80          20
23              2      0.85          20
10              2      0.95          20
17              1      0.95          20
7               3      0.95          20
15              3      0.95          20
29              2      1.00          20
18              2      1.00          20
14              1      1.00          20
28              1      1.00          20
24              3      1.00          20
20              4      1.00          20

======================================================================

# STABLE FEATURES (GLOBAL)
----------------------------------------------------------------------
Total features stable across ALL folds: 3

Features list:
 - gy__change_quantiles__f_agg_"mean"__isabs_True__qh_0.8__ql_0.0
 - gy__change_quantiles__f_agg_"var"__isabs_False__qh_0.8__ql_0.2
 - gz__skewness

======================================================================

# TRIAL-BASED STATS
----------------------------------------------------------------------
Average Prediction Confidence: 0.6594
Avg Confidence when Correct:   0.6688
Avg Confidence when Incorrect: 0.6497
Average Prediction Margin:     0.4081

======================================================================

# TRIAL CONFUSION MATRIX
----------------------------------------------------------------------
        Pred_0  Pred_1  Pred_2
True_0       0      64      16
True_1      16     295      69
True_2       5     127       8

======================================================================

# PER-PARTICIPANT PERFORMANCE (TRIAL-LEVEL)
----------------------------------------------------------------------
             Fold  Trial_Accuracy  Avg_Confidence  Num_Trials
Participant                                                  
30              1            0.00        0.753331          20
9               1            0.00        0.550338          20
1               1            0.00        0.606781          20
13              2            0.00        0.602395          20
22              2            0.00        0.543714          20
27              4            0.00        0.646694          20
26              3            0.00        0.932626          20
3               3            0.00        0.921378          20
11              4            0.05        0.635491          20
6               2            0.05        0.645256          20
16              4            0.15        0.624389          20
12              3            0.20        0.626677          20
25              4            0.30        0.544808          20
4               4            0.30        0.563238          20
21              1            0.55        0.526664          20
8               4            0.65        0.531173          20
19              3            0.70        0.593347          20
2               2            0.75        0.534860          20
5               1            0.80        0.680559          20
23              2            0.85        0.538806          20
10              2            0.95        0.583370          20
17              1            0.95        0.763264          20
15              3            0.95        0.714086          20
7               3            0.95        0.618998          20
18              2            1.00        0.745182          20
29              2            1.00        0.640828          20
28              1            1.00        0.685204          20
14              1            1.00        0.728868          20
24              3            1.00        0.826361          20
20              4            1.00        0.872505          20

======================================================================

