======================================================================
MODELLING REPORT
2026-04-09 18:07:38
======================================================================

# RUNNING CONFIG
----------------------------------------------------------------------
{
    "preprocess_calibrate": false,
    "preprocess_cutoff": 20,
    "preprocess_trim": false,
    "augment_jerk": true,
    "augment_mags": false,
    "window_data": false,
    "window_size": 250,
    "window_hop": 125,
    "affect": "stress"
}

======================================================================

# MODELLING CONFIG
----------------------------------------------------------------------
Pipeline(steps=[('scaler', StandardScaler()), ('reducer', SelectKBest(k=500)),
                ('selector',
                 RFE(estimator=RandomForestClassifier(n_jobs=-1),
                     n_features_to_select=50, step=0.05)),
                ('classifier', GradientBoostingClassifier(n_estimators=50))])

======================================================================

# CV RESULTS
----------------------------------------------------------------------
          fit_time  score_time  test_accuracy  train_accuracy  test_precision  train_precision  test_recall  train_recall   test_f1  train_f1  overfit_gap
Fold 1   10.156705    0.038518       0.562500             1.0        0.427662              1.0     0.562500           1.0  0.482333       1.0     0.437500
Fold 2   10.116971    0.037467       0.593750             1.0        0.480219              1.0     0.593750           1.0  0.521791       1.0     0.406250
Fold 3   10.176022    0.043175       0.578571             1.0        0.478158              1.0     0.578571           1.0  0.523594       1.0     0.421429
Fold 4   10.153990    0.045769       0.357143             1.0        0.310714              1.0     0.357143           1.0  0.327664       1.0     0.642857
Mean     10.150922    0.041232       0.522991             1.0        0.424188              1.0     0.522991           1.0  0.463846       1.0     0.477009
Std Dev   0.024668    0.003911       0.111299             0.0        0.079458              0.0     0.111299           0.0  0.092763       0.0     0.111299

======================================================================

# PER-PARTICIPANT PERFORMANCE (GLOBAL)
----------------------------------------------------------------------
             Fold  Accuracy  Num_Trials
Participant                            
1               1      0.00          20
9               1      0.00          20
13              2      0.00          20
6               2      0.00          20
26              3      0.00          20
11              4      0.00          20
3               3      0.00          20
30              1      0.05          20
27              4      0.05          20
16              4      0.15          20
25              4      0.20          20
22              2      0.30          20
4               4      0.35          20
15              3      0.60          20
21              1      0.60          20
19              3      0.70          20
23              2      0.75          20
8               4      0.75          20
12              3      0.85          20
29              2      0.85          20
5               1      0.85          20
2               2      0.90          20
10              2      0.95          20
7               3      0.95          20
24              3      0.95          20
14              1      1.00          20
17              1      1.00          20
28              1      1.00          20
18              2      1.00          20
20              4      1.00          20

======================================================================

# STABLE FEATURES (GLOBAL)
----------------------------------------------------------------------
Total features stable across ALL folds: 4

Features list:
 - p__mean_abs_change
 - ay__permutation_entropy__dimension_3__tau_1
 - gy__mean_abs_change
 - gz__skewness

======================================================================

# TRIAL-BASED STATS
----------------------------------------------------------------------
Average Prediction Confidence: 0.8219
Avg Confidence when Correct:   0.8321
Avg Confidence when Incorrect: 0.8106
Average Prediction Margin:     0.6786

======================================================================

# TRIAL CONFUSION MATRIX
----------------------------------------------------------------------
        Pred_0  Pred_1  Pred_2
True_0       1      63      16
True_1      18     304      58
True_2       5     124      11

======================================================================

# PER-PARTICIPANT PERFORMANCE (TRIAL-LEVEL)
----------------------------------------------------------------------
             Fold  Trial_Accuracy  Avg_Confidence  Num_Trials
Participant                                                  
1               1            0.00        0.683161          20
9               1            0.00        0.717093          20
13              2            0.00        0.771729          20
6               2            0.00        0.963525          20
26              3            0.00        0.940965          20
11              4            0.00        0.949161          20
3               3            0.00        0.964861          20
30              1            0.05        0.930790          20
27              4            0.05        0.886276          20
16              4            0.15        0.809619          20
25              4            0.20        0.752132          20
22              2            0.30        0.708359          20
4               4            0.35        0.661984          20
15              3            0.60        0.776428          20
21              1            0.60        0.630890          20
19              3            0.70        0.693897          20
23              2            0.75        0.692488          20
8               4            0.75        0.722187          20
12              3            0.85        0.701839          20
29              2            0.85        0.860249          20
5               1            0.85        0.856332          20
2               2            0.90        0.753910          20
10              2            0.95        0.795502          20
7               3            0.95        0.905735          20
24              3            0.95        0.851927          20
14              1            1.00        0.945119          20
28              1            1.00        0.939191          20
17              1            1.00        0.897893          20
18              2            1.00        0.930524          20
20              4            1.00        0.963341          20

======================================================================

