======================================================================
MODELLING REPORT
2026-04-13 13:16:46
======================================================================

# RUNNING CONFIG
----------------------------------------------------------------------
{
    "preprocess_calibrate": false,
    "preprocess_cutoff": 20,
    "preprocess_trim": false,
    "augment_jerk": true,
    "augment_mags": false,
    "window_data": true,
    "window_size": 250,
    "window_hop": 125,
    "affect": "stress"
}

======================================================================

# MODELLING CONFIG
----------------------------------------------------------------------
Pipeline(steps=[('scaler', StandardScaler()), ('reducer', SelectKBest(k=100)),
                ('selector',
                 RFE(estimator=RandomForestClassifier(n_jobs=-1),
                     n_features_to_select=10)),
                ('classifier',
                 RandomForestClassifier(class_weight='balanced', max_depth=3,
                                        n_estimators=500, n_jobs=-1))])

======================================================================

# CV RESULTS
----------------------------------------------------------------------
           fit_time  score_time  test_accuracy  train_accuracy  test_precision  train_precision  test_recall  train_recall   test_f1  train_f1  overfit_gap
Fold 1   137.105050    0.233999       0.327601        0.626997        0.403121         0.711933     0.327601      0.626997  0.344221  0.632221     0.299396
Fold 2   138.879894    0.114913       0.386228        0.767968        0.351891         0.786327     0.386228      0.767968  0.363421  0.771211     0.381740
Fold 3   136.250735    0.394042       0.210109        0.682397        0.423739         0.722302     0.210109      0.682397  0.270254  0.688997     0.472288
Fold 4   138.081827    0.197887       0.300189        0.747637        0.345101         0.782072     0.300189      0.747637  0.319580  0.753391     0.447448
Mean     137.579377    0.235210       0.306032        0.706250        0.380963         0.750658     0.306032      0.706250  0.324369  0.711455     0.400218
Std Dev    1.145146    0.117038       0.073330        0.064218        0.038523         0.038999     0.073330      0.064218  0.040293  0.063540     0.077311

======================================================================

# PER-PARTICIPANT PERFORMANCE (GLOBAL)
----------------------------------------------------------------------
             Fold  Accuracy  Num_Trials
Participant                            
1               3  0.000000         160
27              2  0.006329         158
13              1  0.007937         252
16              3  0.011976         167
3               4  0.039216         102
6               2  0.074074         108
26              4  0.079755         163
22              2  0.090909         165
23              4  0.111111         171
4               3  0.134615         104
11              3  0.141414         198
12              2  0.174757         206
19              3  0.213793         145
8               1  0.217687         147
30              1  0.279412         136
25              4  0.337349         166
18              1  0.344262         122
7               1  0.346939          98
2               4  0.401460         137
15              4  0.415385         130
17              3  0.452830         106
24              1  0.526718         131
28              1  0.578231         147
9               1  0.607692         130
14              4  0.611111          72
21              4  0.626087         115
29              3  0.689922         129
10              2  0.807407         135
5               2  0.923810         105
20              2  0.968000         125

======================================================================

# STABLE FEATURES (GLOBAL)
----------------------------------------------------------------------
Total features stable across ALL folds: 0

Features list:

======================================================================

# TRIAL-BASED STATS
----------------------------------------------------------------------
Average Prediction Confidence: 0.4679
Avg Confidence when Correct:   0.4560
Avg Confidence when Incorrect: 0.4732
Average Prediction Margin:     0.1381

======================================================================

# TRIAL CONFUSION MATRIX
----------------------------------------------------------------------
        Pred_0  Pred_1  Pred_2
True_0      16     345     372
True_1     690    1053     749
True_2     282     495     228

======================================================================

# PER-PARTICIPANT PERFORMANCE (TRIAL-LEVEL)
----------------------------------------------------------------------
             Fold  Trial_Accuracy  Avg_Confidence  Num_Trials
Participant                                                  
1               3        0.000000        0.470009         160
27              2        0.006329        0.449050         158
13              1        0.007937        0.483107         252
16              3        0.011976        0.550127         167
3               4        0.039216        0.603670         102
6               2        0.074074        0.472858         108
26              4        0.079755        0.551527         163
22              2        0.090909        0.472510         165
23              4        0.111111        0.432829         171
4               3        0.134615        0.456303         104
11              3        0.141414        0.440913         198
12              2        0.174757        0.446064         206
19              3        0.213793        0.448968         145
8               1        0.217687        0.423270         147
30              1        0.279412        0.456350         136
25              4        0.337349        0.438722         166
18              1        0.344262        0.453885         122
7               1        0.346939        0.459931          98
2               4        0.401460        0.469112         137
15              4        0.415385        0.428202         130
17              3        0.452830        0.463028         106
24              1        0.526718        0.449542         131
28              1        0.578231        0.459443         147
9               1        0.607692        0.477886         130
14              4        0.611111        0.491544          72
21              4        0.626087        0.472597         115
29              3        0.689922        0.427995         129
10              2        0.807407        0.473810         135
5               2        0.923810        0.475498         105
20              2        0.968000        0.474190         125

======================================================================

