======================================================================
MODELLING REPORT
2026-04-07 17:01:20
======================================================================

# RUNNING CONFIG
----------------------------------------------------------------------
{
    "preprocess_calibrate": false,
    "preprocess_cutoff": 20,
    "preprocess_trim": false,
    "augment_jerk": true,
    "augment_mags": false,
    "window_data": false,
    "window_size": 250,
    "window_hop": 125,
    "affect": "stress"
}

======================================================================

# MODELLING CONFIG
----------------------------------------------------------------------
Pipeline(steps=[('scaler', StandardScaler()), ('reducer', SelectKBest(k=50)),
                ('classifier', GradientBoostingClassifier(max_depth=5))])

======================================================================

# CV RESULTS
----------------------------------------------------------------------
         fit_time  score_time  test_accuracy  train_accuracy  test_precision  train_precision  test_recall  train_recall   test_f1  train_f1  overfit_gap
Fold 1   1.113991    0.049294       0.478571             1.0        0.493626              1.0     0.478571           1.0  0.480569       1.0     0.521429
Fold 2   1.124638    0.037317       0.635714             1.0        0.650086              1.0     0.635714           1.0  0.637410       1.0     0.364286
Fold 3   1.059237    0.040127       0.468750             1.0        0.457618              1.0     0.468750           1.0  0.431414       1.0     0.531250
Fold 4   1.086297    0.052674       0.268750             1.0        0.243723              1.0     0.268750           1.0  0.250450       1.0     0.731250
Mean     1.096040    0.044853       0.462946             1.0        0.461263              1.0     0.462946           1.0  0.449961       1.0     0.537054
Std Dev  0.029380    0.007304       0.150376             0.0        0.167370              0.0     0.150376           0.0  0.159397       0.0     0.150376

======================================================================

# PER-PARTICIPANT PERFORMANCE (GLOBAL)
----------------------------------------------------------------------
             Fold  Accuracy  Num_Trials
Participant                            
9               1      0.00          20
25              1      0.00          20
12              4      0.00          20
22              4      0.00          20
27              3      0.05          20
4               4      0.05          20
20              4      0.05          20
21              1      0.10          20
23              2      0.10          20
19              2      0.15          20
16              4      0.15          20
11              3      0.15          20
24              3      0.20          20
28              4      0.20          20
15              3      0.25          20
10              2      0.30          20
8               3      0.35          20
13              1      0.60          20
29              3      0.75          20
7               4      0.80          20
1               1      0.85          20
30              4      0.90          20
5               1      0.90          20
17              1      0.90          20
2               2      0.95          20
26              2      0.95          20
6               2      1.00          20
14              2      1.00          20
3               3      1.00          20
18              3      1.00          20

======================================================================

# STABLE FEATURES (GLOBAL)
----------------------------------------------------------------------
Total features stable across ALL folds: 1

Features list:
 - gz__mean_abs_change

======================================================================

# TRIAL-BASED STATS
----------------------------------------------------------------------
Average Prediction Confidence: 0.9035
Avg Confidence when Correct:   0.9310
Avg Confidence when Incorrect: 0.8720
Average Prediction Margin:     0.8069

======================================================================

# TRIAL CONFUSION MATRIX
----------------------------------------------------------------------
            Pred_False  Pred_True
True_False           0        280
True_True            0        320

======================================================================

# PER-PARTICIPANT PERFORMANCE (TRIAL-LEVEL)
----------------------------------------------------------------------
             Fold  Trial_Accuracy  Avg_Confidence  Num_Trials
Participant                                                  
21              1             0.0        0.864078          20
13              1             0.0        0.779225          20
19              2             0.0        0.895197          20
1               1             0.0        0.842533          20
2               2             0.0        0.744830          20
8               3             0.0        0.833937          20
26              2             0.0        0.978758          20
15              3             0.0        0.751235          20
27              3             0.0        0.916848          20
16              4             0.0        0.930360          20
4               4             0.0        0.956538          20
20              4             0.0        0.940616          20
24              3             0.0        0.867844          20
28              4             0.0        0.906581          20
9               1             1.0        0.990398          20
17              1             1.0        0.935743          20
11              3             1.0        0.794598          20
23              2             1.0        0.939368          20
6               2             1.0        0.982099          20
10              2             1.0        0.812923          20
14              2             1.0        0.974980          20
5               1             1.0        0.916944          20
25              1             1.0        0.984645          20
18              3             1.0        0.899338          20
30              4             1.0        0.867981          20
3               3             1.0        0.991697          20
29              3             1.0        0.880290          20
7               4             1.0        0.934243          20
12              4             1.0        0.991369          20
22              4             1.0        0.998999          20

======================================================================

