## 1. Fold-by-Fold & Global Statistics
         fit_time  test_accuracy  test_precision  test_recall  test_f1
Fold 1      5.223          0.580           0.545        0.580    0.553
Fold 2      5.902          0.557           0.499        0.557    0.520
Fold 3      7.519          0.512           0.462        0.512    0.485
Fold 4      7.713          0.489           0.451        0.489    0.467
Mean        6.589          0.534           0.489        0.534    0.506
Std Dev     1.220          0.041           0.043        0.041    0.038
------------------------------------------------------------
## 2. Per-Participant Performance (Worst to Best)
             Fold  Accuracy  Num_Trials
Participant                            
1               3     0.000         160
22              2     0.000         165
27              2     0.000         158
3               4     0.000         102
19              3     0.007         145
13              1     0.103         252
25              4     0.133         166
11              3     0.268         198
26              4     0.313         163
2               4     0.343         137
7               1     0.347          98
9               1     0.438         130
30              1     0.500         136
6               2     0.630         108
20              2     0.688         125
23              4     0.743         171
15              4     0.754         130
24              1     0.794         131
12              2     0.811         206
18              1     0.852         122
21              4     0.861         115
4               3     0.875         104
16              3     0.886         167
29              3     0.915         129
8               1     0.939         147
5               2     0.971         105
28              1     0.973         147
10              2     1.000         135
17              3     1.000         106
14              4     1.000          72
------------------------------------------------------------