pressure,accel_x,accel_y,accel_z,gyro_x,gyro_y,gyro_z,accel_jx,accel_jy,accel_jz,accel_power,gyro_energy
0.735351,-0.020301,-0.296572,0.344307,-0.024861,-0.108678,-0.011314,0.000000,0.000000,0.000000,0.454878,0.012557
0.732697,0.070303,-0.186970,0.170503,0.008610,-0.083079,-0.030724,0.090604,0.109602,-0.173804,0.262624,0.007920
0.730390,-0.004610,0.124527,-0.283582,0.055120,-0.018740,-0.026791,-0.074913,0.311497,-0.454085,0.309753,0.004107
0.727878,-0.145566,0.276124,-0.594327,0.065147,0.035256,-0.043245,-0.140956,0.151597,-0.310745,0.671311,0.007357
0.725598,-0.218873,0.043041,-0.402479,-0.006120,0.041810,-0.078286,-0.073307,-0.233083,0.191848,0.460160,0.007914
0.725118,-0.192046,-0.157017,-0.030128,-0.080770,0.026388,-0.074872,0.026827,-0.200058,0.372351,0.249887,0.012826
0.726529,-0.049011,-0.019464,0.142165,-0.026181,0.004697,-0.060856,0.143035,0.137553,0.172293,0.151631,0.004411
0.728127,0.096460,0.159818,0.141165,0.124572,-0.020177,-0.112990,0.145471,0.179282,-0.001000,0.234038,0.028692
0.728958,0.042391,0.114723,0.133193,0.180035,-0.031422,-0.204073,-0.054069,-0.045095,-0.007972,0.180828,0.075046
0.729983,-0.147671,-0.016253,0.192120,0.076230,-0.026915,-0.243340,-0.190062,-0.130976,0.058927,0.242860,0.065750
0.731900,-0.187248,-0.101172,0.200663,-0.036167,-0.020923,-0.217144,-0.039577,-0.084919,0.008543,0.292512,0.048897
0.733453,-0.017489,-0.132367,0.007613,-0.028175,-0.024633,-0.187882,0.169759,-0.031195,-0.193050,0.133734,0.036700
0.733829,0.124052,0.008793,-0.190221,0.089354,-0.022440,-0.198265,0.141541,0.141160,-0.197834,0.227267,0.047797
0.733788,0.071393,0.301993,-0.216576,0.233715,0.028021,-0.221501,-0.052659,0.293200,-0.026355,0.378420,0.104471
0.733130,-0.056199,0.364155,-0.309020,0.250352,0.055987,-0.209327,-0.127592,0.062162,-0.092444,0.480896,0.109628
0.732921,-0.034658,0.021509,-0.220675,0.031357,-0.134536,-0.184197,0.021541,-0.342646,0.088345,0.224413,0.053012
0.738250,0.192381,-0.350661,0.702852,-0.252488,-0.492270,-0.203822,0.227039,-0.372170,0.923527,0.808687,0.347623
0.750173,0.484109,-0.425279,1.611441,-0.327014,-0.627896,-0.226998,0.291728,-0.074618,0.908589,1.735502,0.552720
0.761300,0.513830,-0.151547,0.729823,-0.201098,-0.379132,-0.149511,0.029721,0.273732,-0.881618,0.905334,0.206535
0.767036,-0.027141,0.554616,-1.458951,-0.089747,-0.053580,0.048977,-0.540971,0.706163,-2.188774,1.561049,0.013324
0.770885,-0.642289,1.359706,-2.427060,-0.104144,0.074731,0.304730,-0.615148,0.805090,-0.968109,2.855163,0.109291
0.775308,-0.322761,1.385844,-1.303011,-0.202184,0.060240,0.507602,0.319528,0.026138,1.124049,1.929398,0.302167
0.778961,0.504955,0.500550,0.174238,-0.272057,0.029417,0.504918,0.827716,-0.885294,1.477249,0.732044,0.329823
0.781924,0.333741,-0.451925,0.501731,-0.240351,0.009125,0.262393,-0.171214,-0.952475,0.327493,0.753229,0.126702
0.784915,-0.543444,-1.038938,0.111494,-0.174332,-0.001177,-0.004282,-0.877185,-0.587013,-0.390237,1.177775,0.030411
0.787248,-0.549074,-1.145501,-0.137795,-0.171391,0.002473,-0.037212,-0.005630,-0.106563,-0.249289,1.277749,0.030766
0.788998,0.161237,-0.159356,-0.326374,-0.200209,0.015051,0.176404,0.710311,0.986145,-0.188579,0.397381,0.071429
0.790524,0.429651,1.513759,-0.545773,-0.202446,0.034122,0.398264,0.268414,1.673115,-0.219399,1.665513,0.200763
0.791014,0.270960,1.711510,-0.320340,-0.221318,0.053160,0.396106,-0.158691,0.197751,0.225433,1.762187,0.208708
0.790830,0.049614,-0.076345,0.208660,-0.293968,0.055622,0.209386,-0.221346,-1.787855,0.529000,0.227660,0.133353
0.791210,-0.254429,-1.195830,0.200995,-0.343820,0.038654,0.062534,-0.304043,-1.119485,-0.007665,1.239009,0.123617
0.791235,-0.347469,-0.393671,-0.308264,-0.283188,0.023372,0.047671,-0.093040,0.802159,-0.509259,0.608883,0.083014
0.790402,-0.106235,0.280738,-0.436119,-0.144776,0.029199,0.108165,0.241234,0.674409,-0.127855,0.529433,0.033512
0.790719,0.025928,-0.110112,-0.027170,-0.037761,0.033531,0.132794,0.132163,-0.390850,0.408949,0.116341,0.020184
0.791033,-0.094255,-0.584513,0.347773,0.003458,-0.019274,-0.067871,-0.120183,-0.474401,0.374943,0.686648,0.004990
0.786742,-0.172344,-0.939317,0.422017,0.083096,-0.124312,-0.431149,-0.078089,-0.354804,0.074244,1.044087,0.208248
0.778587,0.049516,-0.346592,0.203093,0.314432,-0.194288,-0.493692,0.221860,0.592725,-0.218924,0.404753,0.380347
0.772163,0.544164,1.896351,-0.094656,0.604130,-0.191238,-0.142071,0.494648,2.242943,-0.297749,1.975151,0.421729
0.769477,0.734656,2.874748,-0.016905,0.667258,-0.160902,0.120738,0.190492,0.978397,0.077751,2.967184,0.485700
0.769873,0.181227,0.801333,0.178768,0.378341,-0.113399,0.077557,-0.553429,-2.073415,0.195673,0.840795,0.162016
0.774289,-0.470156,-0.824394,-0.216675,-0.010207,-0.030302,0.072643,-0.651383,-1.625727,-0.395443,0.973458,0.006299
0.782728,-0.366499,-0.064993,-0.676386,-0.186920,0.042887,0.262319,0.103657,0.759401,-0.459711,0.772039,0.105590
0.792561,0.293961,0.679710,-0.328430,-0.201927,0.053529,0.422087,0.660460,0.744703,0.347956,0.810114,0.221797
0.799896,0.615805,0.403329,0.048317,-0.343213,0.040027,0.452516,0.321844,-0.276381,0.376747,0.737716,0.324168
0.801711,0.154119,0.006573,-0.434041,-0.656654,0.088035,0.482331,-0.461686,-0.396756,-0.482358,0.460638,0.671588
0.800203,-0.431525,-0.094392,-0.823162,-0.821601,0.176072,0.426150,-0.585644,-0.100965,-0.389121,0.934194,0.887633
0.799682,-0.300722,0.309449,-0.140075,-0.556960,0.127072,0.000348,0.130803,0.403841,0.683087,0.453667,0.326352
0.796130,0.333208,0.709266,0.895294,0.035779,-0.116479,-0.535998,0.633930,0.399817,1.035369,1.189806,0.302141
0.781873,1.029957,1.367118,1.190892,0.628598,-0.241715,-0.546770,0.696749,0.657852,0.295598,2.085197,0.752519
0.760438,1.423717,3.350284,0.400198,0.948515,0.051585,-0.200780,0.393760,1.983166,-0.790694,3.662176,0.942654
0.743131,0.390217,3.769555,-1.153999,0.849464,0.487383,-0.130780,-1.033500,0.419271,-1.554197,3.961506,0.976235
0.735780,-1.646161,0.046807,-2.057354,0.424264,0.541715,-0.159655,-2.036378,-3.722748,-0.903355,2.635288,0.498945
0.737387,-1.851575,-2.789554,-0.980031,0.047640,0.252556,0.092610,-0.205414,-2.836361,1.077323,3.488610,0.074631
0.743415,0.005467,-1.008719,0.774951,-0.016411,0.052727,0.280573,1.857042,1.780835,1.754982,1.272043,0.081771
0.748990,0.897918,0.845459,1.091282,0.078058,-0.045011,0.150293,0.892451,1.854178,0.316331,1.646801,0.030707
0.753911,0.313041,-0.006096,0.810246,0.085966,-0.296937,0.009584,-0.584877,-0.851555,-0.281036,0.868637,0.095654
0.760084,0.150206,-0.785207,1.303734,0.003388,-0.546563,0.032228,-0.162835,-0.779111,0.493488,1.529325,0.299781
0.766906,0.405475,-0.540188,1.104201,-0.093826,-0.501385,0.133592,0.255269,0.245019,-0.199533,1.294401,0.278037
0.774503,0.221068,-0.262917,-0.586250,-0.197907,-0.275095,0.277272,-0.184407,0.277271,-1.690451,0.679474,0.191724
0.783452,-0.016842,0.429761,-1.652871,-0.297132,-0.094007,0.395603,-0.237910,0.692678,-1.066621,1.707911,0.253626
0.790597,-0.036618,1.209996,-1.161471,-0.367351,0.018122,0.362867,-0.019776,0.780235,0.491400,1.677631,0.266948
0.792341,-0.263751,0.626753,-0.479242,-0.344814,0.064677,0.106901,-0.227133,-0.583243,0.682229,0.831900,0.134508
0.788308,-0.843640,-1.041275,-0.004247,-0.119717,0.049129,-0.310012,-0.579889,-1.668028,0.474995,1.340149,0.112853
0.780537,-1.139697,-1.729183,0.676197,0.242872,0.027170,-0.615771,-0.296057,-0.687908,0.680444,2.178583,0.438899
0.773778,-0.284186,-0.453837,0.925317,0.470453,-0.013783,-0.587105,0.855511,1.275346,0.249120,1.069084,0.566208
0.772692,1.065237,1.136244,0.232908,0.436725,-0.068146,-0.337819,1.349423,1.590081,-0.692409,1.574810,0.309494
0.777042,1.123281,1.347548,-0.863386,0.258178,-0.024478,-0.022553,0.058044,0.211304,-1.096294,1.955270,0.067764
0.783519,0.245396,1.104709,-1.653896,0.047104,0.069832,0.374409,-0.877885,-0.242839,-0.790510,2.003989,0.147277
0.788939,0.404161,1.372203,-1.428347,-0.114130,0.024553,0.727744,0.158765,0.267494,0.225549,2.021500,0.543240
0.790420,1.230867,1.030956,-0.244791,-0.129689,-0.062182,0.788184,0.826706,-0.341247,1.183556,1.624139,0.641920
0.787831,0.795094,-0.129187,0.213215,-0.054481,0.067865,0.558641,-0.435773,-1.160143,0.458006,0.833261,0.319654
0.784574,-0.610733,-0.649547,-0.628870,-0.056666,0.266800,0.256638,-1.405827,-0.520360,-0.842085,1.091047,0.140256
0.783362,-1.097489,-0.411905,-0.512117,-0.163827,0.181738,0.045299,-0.486756,0.237642,0.116753,1.279223,0.061920
0.784689,-0.306712,-0.399541,1.373782,-0.236786,-0.110116,-0.037676,0.790777,0.012364,1.885899,1.463210,0.069613
0.787946,0.443207,-0.505623,2.355278,-0.115461,-0.290064,-0.069925,0.749919,-0.106082,0.981496,2.449372,0.102358
0.790888,0.339312,-0.171436,1.223338,0.200114,-0.330642,-0.154292,-0.103895,0.334187,-1.131940,1.281046,0.173176
0.791737,-0.042809,0.229581,0.100536,0.434176,-0.328211,-0.249219,-0.382121,0.401017,-1.122802,0.254259,0.358341
0.792242,-0.049108,0.107896,-0.000052,0.353130,-0.218756,-0.206133,-0.006299,-0.121685,-0.100588,0.118546,0.215046
0.794780,-0.016475,-0.001737,-0.413369,0.123359,-0.010996,-0.007193,0.032633,-0.109633,-0.413317,0.413701,0.015390
0.798795,-0.345015,0.561268,-1.338973,-0.041059,0.114041,0.207029,-0.328540,0.563005,-0.925604,1.492282,0.057552
0.802552,-0.480971,0.792061,-1.297022,-0.242289,0.101423,0.361819,-0.135956,0.230793,0.041951,1.594039,0.199904
0.805153,0.045809,-0.134909,-0.172200,-0.500925,0.084984,0.447856,0.526780,-0.926970,1.124822,0.223499,0.458723
0.806064,0.448784,-0.858080,0.402347,-0.536592,0.110236,0.350357,0.402975,-0.723171,0.574547,1.048614,0.422833
0.804471,0.044492,-0.553176,0.018788,-0.246752,0.066938,0.057461,-0.404292,0.304904,-0.383559,0.555280,0.068669
0.799551,-0.317861,-0.268712,-0.130430,0.125262,-0.032869,-0.139081,-0.362353,0.284464,-0.149218,0.436181,0.036114
0.792299,0.023343,-0.053972,-0.057951,0.360539,0.022210,-0.063300,0.341204,0.214740,0.072479,0.082560,0.134489
0.786080,0.199101,0.754979,-0.616587,0.394340,0.249525,0.066827,0.175758,0.808951,-0.558636,0.994894,0.222233
0.783058,-0.133352,1.101379,-0.765575,0.234109,0.325257,0.067400,-0.332453,0.346400,-0.148988,1.347933,0.165142
0.782120,-0.059384,0.105162,0.679735,0.015793,0.100783,0.017592,0.073968,-0.996217,1.445310,0.690380,0.010716
0.782253,0.392000,-0.887596,2.053395,-0.080357,-0.145543,-0.029856,0.451384,-0.992758,1.373660,2.271106,0.028531
0.784474,0.375774,-0.630560,1.566996,-0.062626,-0.201727,-0.085570,-0.016226,0.257036,-0.486399,1.730401,0.051938
0.788824,0.156976,0.183786,0.392201,-0.060953,-0.194053,-0.060100,-0.218798,0.814346,-1.174795,0.460696,0.044984
0.793217,0.334191,0.458995,-0.007378,-0.096644,-0.235479,0.093367,0.177215,0.275209,-0.399579,0.567816,0.073508
0.796566,0.610481,0.244915,-0.137806,-0.140330,-0.235430,0.272552,0.276290,-0.214080,-0.130428,0.672057,0.149404
0.799485,0.694800,0.181365,-0.359338,-0.239847,-0.122147,0.381817,0.084319,-0.063550,-0.221532,0.802972,0.218231
0.801236,0.575618,0.249955,-0.167672,-0.373643,0.024437,0.349571,-0.119182,0.068590,0.191666,0.649559,0.262406
0.799727,-0.093592,-0.170559,0.116092,-0.361374,0.090815,0.093264,-0.669210,-0.420514,0.283764,0.226555,0.147537
0.794609,-1.152205,-1.090985,0.068777,-0.094587,0.063896,-0.285638,-1.058613,-0.920426,-0.047315,1.588255,0.094618
0.787173,-1.348157,-1.530369,0.379313,0.279327,0.012848,-0.508899,-0.195952,-0.439384,0.310536,2.074472,0.337167
0.779128,-0.127174,-0.803381,1.050439,0.505533,-0.025223,-0.489508,1.220983,0.726988,0.671126,1.328539,0.495818
0.773954,1.061662,0.326926,0.743689,0.499195,-0.061417,-0.373946,1.188836,1.130307,-0.306750,1.336817,0.392803
0.775098,0.807006,0.721756,-0.656759,0.363184,-0.085786,-0.176433,-0.254656,0.394830,-1.400448,1.266303,0.170390
0.781127,0.124117,0.607947,-1.507189,0.143516,-0.092942,0.213121,-0.682889,-0.113809,-0.850430,1.629915,0.074656
0.787446,0.724961,0.773110,-1.078558,-0.141560,-0.122805,0.621306,0.600844,0.165163,0.428631,1.512136,0.421141
0.791729,1.646102,0.696132,-0.318824,-0.268733,-0.191025,0.644232,0.921141,-0.076978,0.759734,1.815461,0.523743
0.793065,0.716621,-0.522610,0.277966,-0.075246,-0.264127,0.242628,-0.929481,-1.218742,0.596790,0.929479,0.134293
0.789912,-1.143601,-1.824192,1.146282,0.219488,-0.306351,-0.133931,-1.860222,-1.301582,0.868316,2.439152,0.159963
0.784084,-1.355671,-1.299346,1.706536,0.348700,-0.244141,-0.200810,-0.212070,0.524846,0.560254,2.537402,0.221521
0.781866,-0.560718,0.239630,0.695869,0.243482,-0.010454,-0.159261,0.794953,1.538976,-1.010667,0.925236,0.084757
0.786619,-0.840312,0.318685,-1.119992,-0.095779,0.253856,-0.191083,-0.279594,0.079055,-1.815861,1.435990,0.110129
0.794762,-1.099309,-0.451895,-1.576617,-0.446881,0.306681,-0.191488,-0.258997,-0.770580,-0.456625,1.974439,0.330424
0.800852,0.083702,0.046769,-0.586601,-0.489739,0.176420,-0.107788,1.183011,0.498664,0.990016,0.594385,0.282587
0.801654,0.954220,0.533299,0.163015,-0.366844,0.032402,0.039145,0.870518,0.486530,0.749616,1.105223,0.137157
0.796349,0.844887,-0.364108,0.450854,-0.347565,-0.159884,0.333243,-0.109333,-0.897407,0.287839,1.024538,0.257415
0.786671,1.493801,-0.326169,0.842158,-0.177230,-0.306370,0.647253,0.648914,0.037939,0.391304,1.745582,0.544209
0.774243,1.570810,1.157454,-0.083433,0.279737,0.011398,0.620231,0.077009,1.483623,-0.925591,1.952973,0.463069
0.759330,-1.281497,1.008704,-3.147140,0.474201,0.731390,0.285343,-2.852307,-0.148750,-3.063707,3.544603,0.841219
0.745577,-3.817353,-0.874384,-4.853560,0.140119,1.058853,0.043937,-2.535856,-1.883088,-1.706420,6.236487,1.142733
0.738056,-2.242698,-1.626644,-2.077364,-0.130554,0.651003,-0.008106,1.574655,-0.752260,2.776196,3.462818,0.440915
0.734629,0.452013,-0.899924,2.021957,0.092542,0.152861,-0.077246,2.694711,0.726720,4.099321,2.258869,0.037897
0.730343,0.394567,-0.209234,2.977274,0.435724,0.070190,-0.231535,-0.057446,0.690690,0.955317,3.010585,0.248390
0.727878,-0.671728,-0.057721,1.954749,0.427558,0.062131,-0.366460,-1.066295,0.151513,-1.022525,2.067751,0.320959
0.732193,-0.190067,-0.153833,2.082058,0.086256,-0.230462,-0.357850,0.481661,-0.096112,0.127309,2.096367,0.188609
0.740894,0.858053,0.044074,2.715177,-0.267493,-0.498379,-0.182381,1.048120,0.197907,0.633119,2.847874,0.353197
0.749214,0.964348,0.733337,1.545374,-0.334462,-0.371999,0.008385,0.106295,0.689263,-1.169803,1.963652,0.250318
0.757137,0.380575,1.213560,-1.216283,-0.118266,-0.113274,0.058113,-0.583773,0.480223,-2.761657,1.759804,0.030195
0.765530,-0.107795,0.735923,-2.713221,0.009459,-0.165978,0.011690,-0.488370,-0.477637,-1.496938,2.813320,0.027775
0.772439,-0.165004,-0.503697,-1.020620,-0.198462,-0.411237,0.030994,-0.057209,-1.239620,1.692601,1.150044,0.209464
0.777106,0.051328,-1.250636,1.502410,-0.477332,-0.432069,0.135589,0.216332,-0.746939,2.523030,1.955495,0.432914
0.781471,0.127736,-0.638976,1.370814,-0.454339,-0.199593,0.113383,0.076408,0.611660,-0.131596,1.517807,0.259117
0.785119,-0.241150,0.140001,-0.382284,-0.136571,0.014502,-0.156644,-0.368886,0.778977,-1.753098,0.473175,0.043399
0.784103,-0.917505,-0.112855,-0.771530,0.227524,0.087846,-0.434480,-0.676355,-0.252856,-0.389246,1.204081,0.248257
0.777365,-1.143246,-0.247388,-0.259679,0.476157,0.054673,-0.466740,-0.225741,-0.134533,0.511851,1.198184,0.447561
0.770288,-0.377552,0.569990,-0.515845,0.575230,-0.028658,-0.293348,0.765694,0.817378,-0.256166,0.856464,0.417764
0.769331,0.738685,1.114488,-0.888048,0.509620,-0.079016,-0.014275,1.116237,0.544498,-0.372203,1.605107,0.266160
0.775361,1.279112,0.768808,-0.485407,0.272584,-0.066854,0.274794,0.540427,-0.345680,0.402641,1.569335,0.154283
0.784002,1.128627,0.155407,0.015930,-0.030208,-0.065007,0.410930,-0.150485,-0.613401,0.501337,1.139388,0.174002
0.791105,0.629497,-0.276567,0.078799,-0.221150,-0.108101,0.428098,-0.499130,-0.431974,0.062869,0.692073,0.243861
0.795403,0.227583,-0.138290,0.180638,-0.292080,-0.114997,0.473988,-0.401914,0.138277,0.101839,0.321789,0.323200
0.796695,-0.005777,0.279691,0.398997,-0.388152,-0.004416,0.424202,-0.233360,0.417981,0.218359,0.487298,0.330629
0.795121,-0.602574,-0.054183,0.032551,-0.484873,0.165332,0.182483,-0.596797,-0.333874,-0.366446,0.605880,0.295737
0.791914,-1.170024,-0.684429,-0.645536,-0.386561,0.221263,-0.026001,-0.567450,-0.630246,-0.678087,1.501371,0.199063
0.788419,-0.677987,-0.468294,-0.428837,-0.085828,0.093235,-0.119513,0.492037,0.216135,0.216699,0.928906,0.030343
0.785362,-0.006510,-0.220261,0.394281,0.167344,-0.074630,-0.212997,0.671477,0.248033,0.823118,0.451680,0.078941
0.782414,-0.253369,-0.647695,0.543246,0.218576,-0.142466,-0.206657,-0.246859,-0.427434,0.148965,0.882508,0.110779
0.777575,-0.186172,-0.507019,0.280500,0.237215,-0.161713,-0.097883,0.067197,0.140676,-0.262746,0.608612,0.092003
0.770717,0.511529,0.240411,0.419693,0.432849,-0.217160,-0.186278,0.697701,0.747430,0.139193,0.703990,0.269216
0.766265,0.163735,0.085061,0.576463,0.667835,-0.257737,-0.430159,-0.347794,-0.155350,0.156770,0.605272,0.697469
0.766634,-0.740431,-0.405795,0.414314,0.664378,-0.198113,-0.453037,-0.904166,-0.490856,-0.162149,0.940512,0.685889
0.767763,-0.467294,0.311107,0.218259,0.461853,-0.050898,-0.304811,0.273137,0.716902,-0.196055,0.602319,0.308809
0.767441,0.124630,1.299341,-0.098231,0.254015,0.111631,-0.319552,0.591924,0.988234,-0.316490,1.308995,0.179099
0.770579,-0.251691,0.824713,-0.639641,0.025073,0.240371,-0.467164,-0.376321,-0.474628,-0.541410,1.073611,0.276649
0.779342,-0.817622,-0.748585,-1.081051,-0.227988,0.300164,-0.500047,-0.565931,-1.573298,-0.441410,1.548405,0.392124
0.786299,-0.725533,-1.776169,-1.244882,-0.307968,0.231161,-0.298825,0.092089,-1.027584,-0.163831,2.287117,0.237576
0.784842,0.132176,-1.113257,-1.051904,-0.187579,0.031529,0.178146,0.857709,0.662912,0.192978,1.537307,0.067916
0.778554,1.642645,0.844131,-0.486143,-0.105525,-0.136591,0.782429,1.510469,1.957388,0.565761,1.909758,0.641988
0.773508,2.476810,2.054381,-0.014896,-0.155895,-0.121737,1.113400,0.834165,1.210250,0.471247,3.217964,1.278783
0.770357,1.310368,1.179833,0.219372,-0.241114,-0.043347,0.982596,-1.166442,-0.874548,0.234268,1.776850,1.025510
0.769724,-0.563969,-0.529102,0.847386,-0.363398,-0.090677,0.651031,-1.874337,-1.708935,0.628014,1.147202,0.564122
0.774774,-1.137222,-1.295451,1.651389,-0.547272,-0.169082,0.425013,-0.573253,-0.766349,0.804003,2.387164,0.508731
0.783803,-0.654115,-0.949209,1.492994,-0.635108,-0.105825,0.332612,0.483107,0.346242,-0.158395,1.886238,0.525192
0.789664,-0.284142,-0.161311,0.521314,-0.458578,0.017173,0.174403,0.369973,0.787898,-0.971680,0.615245,0.241005
0.788215,-0.544525,0.266152,-0.103570,-0.057976,0.066093,-0.231231,-0.260383,0.427463,-0.624884,0.614875,0.061197
0.780837,-1.479550,-0.196301,-0.257084,0.389612,0.069257,-0.700261,-0.935025,-0.462453,-0.153514,1.514495,0.646960
0.771152,-2.008689,-0.691539,-0.436919,0.696846,0.044435,-0.777907,-0.529139,-0.495238,-0.179835,2.168861,1.092708
0.764286,-0.948989,-0.103683,-0.647527,0.728624,-0.041145,-0.406482,1.059700,0.587856,-0.210608,1.153526,0.697813
0.765701,0.525238,0.699950,-0.816748,0.508479,-0.121582,-0.027254,1.474227,0.803633,-0.169221,1.197031,0.274076
0.776735,0.743239,0.491152,-0.906920,0.186085,-0.115112,0.187642,0.218001,-0.208798,-0.090172,1.271274,0.083088
0.792136,0.588729,0.066943,-0.570644,-0.180546,-0.056298,0.490448,-0.154510,-0.424209,0.336276,0.822629,0.276306
0.802741,1.162394,0.130387,0.348064,-0.561645,-0.001059,0.765245,0.573665,0.063444,0.918708,1.220373,0.901046
0.801822,1.091091,-0.387700,1.145411,-0.675608,0.042736,0.521040,-0.071303,-0.518087,0.797347,1.628729,0.729755
0.790568,-0.645034,-1.419824,0.682753,-0.262520,0.052143,-0.094923,-1.736125,-1.032124,-0.462658,1.702387,0.080646
0.776704,-2.130341,-1.123002,-0.949542,0.344924,0.019752,-0.310811,-1.485307,0.296822,-1.632295,2.588651,0.215966
0.767348,-1.529037,0.265546,-1.867259,0.530159,-0.008398,0.045821,0.601304,1.388548,-0.917717,2.427988,0.283239
0.764374,-0.118933,0.506931,-0.817024,0.268609,-0.055039,0.326184,1.410104,0.241385,1.050235,0.968841,0.181576
0.766042,0.078881,-0.604136,1.087867,0.066467,-0.192182,0.137871,0.197814,-1.111067,1.904891,1.246859,0.060360
0.770934,-0.559620,-1.430843,2.208880,0.106503,-0.315101,-0.174615,-0.638501,-0.826707,1.121013,2.690657,0.141122
0.778475,-0.511046,-1.109718,1.963918,0.098094,-0.227664,-0.175246,0.048574,0.321125,-0.244962,2.312924,0.092164
0.786752,0.223438,0.105803,0.522695,-0.104677,0.023591,0.060207,0.734484,1.215521,-1.441223,0.578212,0.015139
0.793499,0.359577,0.812825,-0.962600,-0.306350,0.209591,0.175738,0.136139,0.707022,-1.485295,1.310183,0.168663
0.798398,-0.331350,-0.059774,-1.109753,-0.360876,0.232279,0.122094,-0.690927,-0.872599,-0.147153,1.159706,0.199092
0.801539,-0.505607,-0.959959,-0.300569,-0.343497,0.136165,0.109160,-0.174257,-0.900185,0.809184,1.125834,0.148447
0.802055,0.314130,-0.521100,0.210962,-0.307936,-0.028337,0.124948,0.819737,0.438859,0.511531,0.643994,0.111240
0.799372,0.787156,-0.115783,0.393630,-0.157078,-0.205990,0.028296,0.473026,0.405317,0.182668,0.887674,0.067906
0.793962,0.311605,-0.251230,0.606665,0.129279,-0.326410,-0.075171,-0.475551,-0.135447,0.213035,0.726813,0.128907
0.788740,-0.069568,0.239841,0.576298,0.321668,-0.319254,0.000208,-0.381173,0.491071,-0.030367,0.628079,0.205393
0.788656,0.021276,0.809442,0.182612,0.200499,-0.147771,0.188570,0.090844,0.569601,-0.393686,0.830058,0.097595
0.794541,-0.173194,0.379861,-0.335906,-0.106708,0.095876,0.247089,-0.194470,-0.429581,-0.518518,0.535839,0.081632
0.800999,-0.711748,-0.354384,-0.722054,-0.281870,0.239291,0.088296,-0.538554,-0.734245,-0.386148,1.074028,0.144507
0.804139,-0.771011,-0.516988,-0.772424,-0.266709,0.235520,-0.046767,-0.059263,-0.162604,-0.050370,1.207631,0.128791
0.805620,-0.012093,-0.089375,-0.576163,-0.294648,0.160697,0.072282,0.758918,0.427613,0.196261,0.583179,0.117866
0.806724,0.907596,0.270672,-0.179465,-0.437762,0.041003,0.259071,0.919689,0.360047,0.396698,0.963951,0.260435
0.805068,1.137516,-0.257555,0.607660,-0.426529,-0.146308,0.220482,0.229920,-0.528227,0.787125,1.315115,0.251945
0.799439,0.708552,-0.830169,1.360368,-0.105633,-0.358251,0.035170,-0.428964,-0.572614,0.752708,1.744084,0.140739
0.792138,0.338931,-0.023927,1.365495,0.239136,-0.460147,-0.044665,-0.369621,0.806242,0.005127,1.407133,0.270916
0.784967,0.142457,1.084897,0.683677,0.308989,-0.317931,0.021307,-0.196474,1.108824,-0.681818,1.290236,0.197008
0.778465,-0.523509,0.858252,-0.475933,0.220223,0.019755,0.057959,-0.665966,-0.226645,-1.159610,1.112282,0.052248
0.774220,-1.641026,-0.187902,-1.808057,0.198438,0.319918,-0.064550,-1.117517,-1.046154,-1.332124,2.448947,0.145892
0.771730,-1.959985,-1.111586,-2.216991,0.248670,0.478356,-0.165075,-0.318959,-0.923684,-0.408934,3.161046,0.317911
0.767285,-0.674286,-1.160908,-1.574550,0.329332,0.599217,0.025868,1.285699,-0.049322,0.642441,2.069197,0.468190
0.760601,0.970096,0.250760,-1.180836,0.389237,0.654182,0.335610,1.644382,1.411668,0.393714,1.548658,0.692094
0.754357,1.166124,1.328508,-0.841707,0.247261,0.481719,0.370758,0.196028,1.077748,0.339129,1.957869,0.430653
0.747392,0.158321,0.068479,0.491151,-0.109460,0.193331,0.173922,-1.007803,-1.260029,1.332858,0.520561,0.079607
0.739281,-0.520701,-1.684223,1.616697,-0.344594,0.082141,0.050993,-0.679022,-1.752702,1.125546,2.391954,0.128092
0.734803,-0.528940,-1.545730,1.173775,-0.247172,0.144056,0.038089,-0.008239,0.138493,-0.442922,2.011668,0.083297
0.733319,-0.382283,-0.420376,0.429713,-0.037971,0.161337,0.010944,0.146657,1.125354,-0.744062,0.712397,0.027591
0.726633,-0.208819,0.189443,0.677476,0.010399,0.119809,-0.068360,0.173464,0.609819,0.247763,0.733804,0.019135
0.714609,-0.281149,0.152976,1.152821,-0.069638,0.116552,-0.218187,-0.072330,-0.036467,0.475345,1.196429,0.066039
0.706685,-0.659803,-0.272623,1.090598,-0.078800,0.086074,-0.379203,-0.378654,-0.425599,-0.062223,1.303483,0.157413
0.705785,-0.329270,-0.308249,0.848742,0.049689,-0.021358,-0.376713,0.330533,-0.035626,-0.241856,0.961145,0.144838
0.706704,0.842608,0.656368,0.650843,0.187001,-0.062713,-0.252933,1.171878,0.964617,-0.197899,1.250761,0.102877
0.707324,1.028164,1.475644,0.257116,0.227409,0.041778,-0.305693,0.185556,0.819276,-0.393727,1.816798,0.146908
0.708649,-0.270612,0.906940,-0.275184,0.239184,0.144068,-0.542177,-1.298776,-0.568704,-0.532300,0.985646,0.371920
0.710066,-0.890643,-0.053459,-0.521095,0.292468,0.105050,-0.604526,-0.620031,-0.960399,-0.245911,1.033268,0.462025
0.711811,0.127094,-0.011389,-0.283712,0.319755,0.000373,-0.417155,1.017737,0.042070,0.237383,0.311087,0.276262
0.714785,0.935823,0.364847,-0.029299,0.275200,0.003929,-0.297193,0.808729,0.376236,0.254413,1.004856,0.164074
0.717093,0.381722,0.029003,-0.312523,0.224986,0.130858,-0.352237,-0.554101,-0.335844,-0.283224,0.494190,0.191813
0.717870,-0.310640,-0.373884,-0.683095,0.210870,0.195188,-0.375432,-0.692362,-0.402887,-0.370572,0.838394,0.223514
0.720178,-0.061967,-0.115640,-0.249834,0.201038,0.084699,-0.300590,0.248673,0.258244,0.433261,0.282187,0.137945
0.724580,0.514273,0.131944,0.728906,0.168729,-0.069089,-0.270649,0.576240,0.247584,0.978740,0.901770,0.106494
0.727573,0.504009,-0.170662,1.168197,0.117301,-0.106975,-0.330902,-0.010264,-0.302606,0.439291,1.283680,0.134699
0.728793,0.015016,-0.433193,0.662982,0.071754,-0.046995,-0.351530,-0.488993,-0.262531,-0.505215,0.792103,0.130931
0.730813,-0.192764,-0.147947,-0.274429,0.060416,0.011659,-0.232955,-0.207780,0.285246,-0.937411,0.366548,0.058054
0.733315,0.158950,0.353163,-0.874323,0.063295,0.024520,-0.069982,0.351714,0.501110,-0.599894,0.956258,0.009505
0.735204,0.463543,0.494661,-0.713890,0.031429,0.003178,-0.022053,0.304593,0.141498,0.160433,0.984480,0.001484
0.737743,0.231631,0.168677,-0.104564,-0.018641,-0.030864,-0.061977,-0.231912,-0.325984,0.609326,0.305022,0.005141
0.741160,-0.090074,-0.139521,0.326114,-0.020063,-0.084080,-0.054762,-0.321705,-0.308198,0.430678,0.365964,0.010471
0.744250,0.003917,-0.024550,0.437977,0.033166,-0.164598,-0.020278,0.093991,0.114971,0.111863,0.438682,0.028604
0.747361,0.198248,0.211006,0.403118,0.083117,-0.217460,-0.050256,0.194331,0.235556,-0.034859,0.496316,0.056723
0.750617,0.086433,0.141248,0.131339,0.084978,-0.180283,-0.081821,-0.111815,-0.069758,-0.271779,0.211357,0.046418
0.752479,-0.094480,-0.035846,-0.341718,0.029448,-0.096196,-0.024916,-0.180913,-0.177094,-0.473057,0.356346,0.010742
0.752639,-0.050988,-0.042184,-0.507320,-0.041533,-0.058313,0.035060,0.043492,-0.006338,-0.165602,0.511618,0.006355
0.752292,0.031504,-0.075062,-0.181084,-0.049879,-0.070610,-0.004123,0.082492,-0.032878,0.326236,0.198540,0.007491
0.752009,-0.050962,-0.191500,0.055126,0.002648,-0.067822,-0.072323,-0.082466,-0.116438,0.236210,0.205690,0.009837
0.751865,-0.191396,-0.106959,-0.188753,0.030798,-0.030496,-0.075730,-0.140434,0.084541,-0.243879,0.289310,0.007614
0.751157,-0.227176,0.111221,-0.460872,0.032018,0.018585,-0.030656,-0.035780,0.218180,-0.272119,0.525721,0.002310
0.748204,-0.057335,0.234490,-0.410690,0.070769,0.080964,0.051229,0.169841,0.123269,0.050182,0.476381,0.014188
0.743377,0.221242,0.372780,-0.443219,0.105624,0.139014,0.158920,0.278577,0.138290,-0.032529,0.619965,0.055737
0.739407,0.240178,0.371615,-0.525122,0.059393,0.117338,0.168993,0.018936,-0.001165,-0.081903,0.686685,0.045854
0.737341,-0.033445,-0.123808,0.172932,-0.013220,0.001254,0.024362,-0.273623,-0.495423,0.698054,0.215296,0.000770
0.736986,-0.131130,-0.614720,1.286301,-0.029137,-0.098894,-0.086217,-0.097685,-0.490912,1.113369,1.431658,0.018062
0.739325,0.064115,-0.360937,1.151102,-0.026149,-0.094009,-0.000438,0.195245,0.253783,-0.135199,1.208065,0.009522
0.743401,0.228618,0.278034,-0.238798,-0.069120,-0.028098,0.156485,0.164503,0.638971,-1.389900,0.431965,0.030055
0.745765,0.280219,0.489855,-0.892399,-0.131955,0.006021,0.184975,0.051601,0.211821,-0.653601,1.055868,0.051664
0.745693,0.230310,0.134347,-0.095222,-0.150539,-0.011993,0.073194,-0.049909,-0.355508,0.797177,0.283124,0.028163
0.745162,-0.043145,-0.351627,0.634890,-0.109633,-0.025335,-0.044562,-0.273455,-0.485974,0.730112,0.727041,0.014647
0.745562,-0.335409,-0.347008,0.237313,-0.060249,-0.010866,-0.049425,-0.292264,0.004619,-0.397577,0.537802,0.006191
0.748641,-0.272516,0.149019,-0.332515,-0.073359,-0.038100,0.007870,0.062893,0.496027,-0.569828,0.455014,0.006895
0.754933,0.019882,0.130924,0.079888,-0.127845,-0.132703,-0.042972,0.292398,-0.018095,0.412403,0.154656,0.035801
0.760574,0.177879,-0.516924,0.753165,-0.084558,-0.189003,-0.160980,0.157997,-0.647848,0.673277,0.930650,0.068787
0.762686,0.160154,-0.358180,0.327871,0.108653,-0.152313,-0.116190,-0.017725,0.158744,-0.425294,0.511314,0.048505
0.764196,-0.012827,0.515711,-0.665841,0.271519,-0.112260,0.047006,-0.172981,0.873891,-0.993712,0.842298,0.088534
0.767623,-0.379080,0.229580,-0.762815,0.217625,-0.102681,0.109556,-0.366253,-0.286131,-0.096974,0.882210,0.069907
0.771382,-0.560500,-0.784541,-0.202862,0.016849,-0.046686,0.158662,-0.181420,-1.014121,0.559953,0.985301,0.027637
0.775175,-0.152481,-0.380668,-0.121425,-0.137132,0.048503,0.296902,0.408019,0.403873,0.081437,0.427671,0.109309
0.780633,0.319576,0.700548,-0.362071,-0.199960,0.093621,0.278960,0.472057,1.081216,-0.240646,0.850877,0.126568
0.786695,0.075272,0.322817,-0.341953,-0.258587,0.094854,0.069878,-0.244304,-0.377731,0.020118,0.476244,0.080747
0.791144,-0.458101,-0.622063,-0.464036,-0.342668,0.104621,0.042375,-0.533373,-0.944880,-0.122083,0.901193,0.130163
0.793574,-0.217273,-0.348970,-0.831421,-0.394512,0.067924,0.241100,0.240828,0.273093,-0.367385,0.927496,0.218383
0.793052,0.839795,0.313665,-0.442541,-0.345003,-0.082017,0.335025,1.057068,0.662635,0.388880,0.999742,0.237996
0.788780,1.671764,0.323061,0.792031,-0.140233,-0.266883,0.280706,0.831969,0.009396,1.234572,1.877891,0.169688
0.783901,1.333480,0.380447,1.444808,0.157242,-0.356566,0.232276,-0.338284,0.057386,0.652777,2.002593,0.205816
0.781013,0.072724,0.685484,1.051468,0.315370,-0.300567,0.171904,-1.260756,0.305037,-0.393340,1.257284,0.219350
0.776843,-0.721164,0.702917,0.441545,0.235310,-0.123555,0.102890,-0.793888,0.017433,-0.609923,1.099605,0.081223
0.769840,-0.438075,0.702033,-0.266232,0.130180,0.042511,0.064665,0.283089,-0.000884,-0.707777,0.869275,0.022936
0.764935,-0.195672,0.604097,-0.957507,0.154785,0.072876,-0.079540,0.242403,-0.097936,-0.691275,1.148930,0.035596
0.762358,-0.723951,-0.277129,-0.958893,0.221453,0.132461,-0.341529,-0.528279,-0.881226,-0.001386,1.233037,0.183229
0.754887,-1.077149,-1.039030,-1.061405,0.264942,0.409076,-0.398949,-0.353198,-0.761901,-0.102512,1.834779,0.396698
0.742954,-0.362231,-0.179006,-1.848799,0.259310,0.608867,-0.113881,0.714918,0.860024,-0.787394,1.892436,0.450930
0.736465,0.796602,1.307674,-1.227038,0.139027,0.405507,0.182881,1.158833,1.486680,0.621761,1.962195,0.217210
0.738070,1.086008,1.268365,1.253519,-0.031704,0.054086,0.218959,0.289406,-0.039309,2.480557,2.087935,0.051873
0.740906,0.384878,-0.076032,2.582978,-0.148140,-0.132128,0.129392,-0.701130,-1.344397,1.329459,2.612602,0.056146
0.743249,-0.016139,-0.871613,2.151106,-0.258774,-0.250812,0.118065,-0.401017,-0.795581,-0.431872,2.321040,0.143810
0.749892,0.390929,-0.566561,1.902828,-0.358559,-0.339910,0.184107,0.407068,0.305052,-0.248278,2.023505,0.277999
0.760133,0.598559,0.100356,1.215251,-0.342308,-0.265629,0.248683,0.207630,0.666917,-0.687577,1.358374,0.249577
0.767834,0.167233,0.528582,-0.706126,-0.282583,-0.119857,0.277262,-0.431326,0.428226,-1.921377,0.897764,0.171093
0.771247,-0.186645,0.460377,-1.570477,-0.305914,-0.064719,0.258225,-0.353878,-0.068205,-0.864351,1.647174,0.164452
0.772551,-0.197475,0.041965,-0.444776,-0.312907,-0.055313,0.170604,-0.010830,-0.418412,1.125701,0.488450,0.130076
0.771661,-0.280409,-0.283067,0.436637,-0.193924,-0.031173,0.022332,-0.082934,-0.325032,0.881413,0.591107,0.039077
0.767968,-0.491649,-0.403943,0.083640,-0.052724,-0.007405,-0.084487,-0.211240,-0.120876,-0.352997,0.641782,0.009973
0.764066,-0.466827,-0.247664,-0.408043,0.000702,0.026169,-0.044328,0.024822,0.156279,-0.491683,0.667656,0.002650
0.763091,-0.044995,0.365443,-0.525217,-0.004551,0.052507,0.070531,0.421832,0.613107,-0.117174,0.641425,0.007752
0.763895,0.379377,0.731526,-0.404360,0.007790,0.042917,0.053625,0.424372,0.366083,0.120857,0.917913,0.004778
0.761079,0.081634,0.074532,-0.100956,0.118604,0.037953,-0.161061,-0.297743,-0.656994,0.303404,0.149704,0.041448
0.752522,-0.811244,-0.670666,0.141650,0.320074,0.033774,-0.347532,-0.892878,-0.745198,0.242606,1.062061,0.224367
0.745591,-0.872922,-0.370151,0.300118,0.432774,-0.028825,-0.259919,-0.061678,0.300515,0.158468,0.994523,0.255682
0.748658,0.350754,0.290985,0.412798,0.358167,-0.092045,-0.018448,1.223676,0.661136,0.112680,0.614901,0.137096
0.758643,1.079343,0.435844,-0.077136,0.244356,-0.074011,0.104512,0.728589,0.144859,-0.489934,1.166572,0.076110
0.767205,0.470471,0.439269,-1.031337,0.164027,-0.044580,0.186869,-0.608872,0.003425,-0.954201,1.215712,0.063812
0.773909,0.308697,0.566621,-1.057111,-0.034073,-0.058989,0.435649,-0.161774,0.127352,-0.025774,1.238482,0.194431
0.781405,1.299491,0.402403,0.079783,-0.369839,-0.042268,0.673294,0.990794,-0.164218,1.136894,1.362707,0.591892
0.785666,1.480543,-0.118489,0.877399,-0.583599,0.027472,0.593755,0.181052,-0.520892,0.797616,1.725073,0.693888
0.781810,-0.003108,-0.597652,0.679854,-0.463511,0.082446,0.254706,-1.483651,-0.479163,-0.197545,0.905207,0.286515
0.771710,-1.445836,-0.821650,0.269467,-0.098223,0.072858,-0.071768,-1.442728,-0.223998,-0.410387,1.684685,0.020107
0.760478,-1.523215,-0.806841,0.210952,0.251619,-0.044501,-0.241440,-0.077379,0.014809,-0.058515,1.736570,0.123586
0.753539,-0.743574,-0.538717,0.319854,0.419611,-0.220937,-0.232423,0.779641,0.268124,0.108902,0.972330,0.278907
0.756252,-0.101025,-0.049059,0.005244,0.401668,-0.287998,-0.055644,0.642549,0.489658,-0.314610,0.112429,0.247376
0.765553,0.283324,0.403199,-0.811985,0.248250,-0.246373,0.193664,0.384349,0.452258,-0.817229,0.949822,0.159833
0.766369,0.816583,0.501366,-1.029349,0.064110,-0.207334,0.345443,0.533259,0.098167,-0.217364,1.406320,0.166428
0.749236,0.883333,0.241026,-0.588438,0.018802,0.002824,0.327590,0.066750,-0.260340,0.440911,1.088407,0.107677
0.724370,-0.449528,-0.110957,-1.505013,0.128695,0.503161,0.218275,-1.332861,-0.351983,-0.916575,1.574627,0.317377
0.706365,-2.088459,-0.428076,-3.506938,0.188079,0.862793,0.077619,-1.638931,-0.317119,-2.001925,4.104086,0.785810
0.696772,-2.236765,-0.681078,-3.064517,0.096622,0.709713,-0.067381,-0.148306,-0.253002,0.442421,3.854640,0.517569
0.692415,-1.074444,-0.668884,0.247050,-0.004249,0.326346,-0.132794,1.162321,0.012194,3.311567,1.289523,0.124154
0.695621,0.134034,-0.424247,2.646219,-0.020409,0.102519,-0.172553,1.208478,0.244637,2.399169,2.683361,0.040701
0.705969,0.416944,-0.426820,2.610449,-0.033112,0.074443,-0.377309,0.282910,-0.002573,-0.035770,2.677772,0.149000
0.715797,-0.284948,-0.650193,1.835600,-0.089078,0.157163,-0.607957,-0.701892,-0.223373,-0.774849,1.968089,0.402247
0.722065,-0.211895,-0.154462,0.959552,-0.131558,0.197315,-0.520586,0.073053,0.495731,-0.876048,0.994735,0.327250
0.730608,1.566704,1.229818,0.116468,-0.189367,0.001564,-0.227675,1.778599,1.384280,-0.843084,1.995139,0.087698
0.743585,2.585891,1.849172,0.738066,-0.358166,-0.304232,-0.068682,1.019187,0.619354,0.621598,3.263589,0.225557
0.755316,1.318309,0.680721,2.503746,-0.518134,-0.380245,-0.021366,-1.267582,-1.168451,1.765680,2.910337,0.413506
0.762428,-0.101447,-0.691019,2.506594,-0.412038,-0.210204,-0.004797,-1.419756,-1.371740,0.002848,2.602078,0.213984
0.765757,-0.451183,-0.679921,0.181539,-0.071766,-0.044861,-0.118036,-0.349736,0.011098,-2.325055,0.835952,0.021095
0.764765,-0.827853,0.030355,-1.576566,0.209047,0.026121,-0.275274,-0.376670,0.710276,-1.758105,1.780961,0.120159
0.760097,-1.236960,0.325102,-1.405373,0.304381,0.042550,-0.306716,-0.409107,0.294747,0.171193,1.900220,0.188533
0.756163,-0.862946,0.151097,-0.731735,0.307499,-0.001487,-0.246221,0.374014,-0.174005,0.673638,1.141465,0.155183
0.755895,-0.009519,-0.054621,-0.396385,0.279404,-0.064212,-0.104634,0.853427,-0.205718,0.335350,0.400244,0.093138
0.758381,0.658521,0.150978,-0.171878,0.231431,-0.072651,0.119654,0.668040,0.205599,0.224507,0.697127,0.073156
0.761890,0.768120,0.494261,-0.183715,0.201067,-0.069409,0.240410,0.109599,0.343283,-0.011837,0.931694,0.103043
0.765449,0.335889,0.208322,-0.392250,0.157719,-0.116164,0.242197,-0.432231,-0.285939,-0.208535,0.556848,0.097029
0.768870,0.213527,-0.257121,-0.348371,-0.015075,-0.146375,0.380659,-0.122362,-0.465443,0.043879,0.482770,0.166554
0.771937,0.821925,-0.002079,-0.001404,-0.332758,-0.064396,0.608547,0.608398,0.255042,0.346967,0.821929,0.485204
0.773039,1.020452,0.283317,0.357479,-0.611658,0.096595,0.591002,0.198527,0.285396,0.358883,1.117758,0.732739
0.770718,0.086589,-0.120860,0.439695,-0.630625,0.189109,0.309732,-0.933863,-0.404177,0.082216,0.464151,0.529384
0.766028,-0.971846,-0.437162,0.089337,-0.362757,0.127677,0.008512,-1.058435,-0.316302,-0.350358,1.069381,0.147967
0.761055,-1.225231,-0.399254,-0.276660,0.012047,-0.002631,-0.217049,-0.253385,0.037908,-0.365997,1.318004,0.047262
0.756856,-0.773229,-0.531495,-0.015858,0.313545,-0.096607,-0.346667,0.452002,-0.132241,0.260802,0.938414,0.227821
0.754078,-0.010496,-0.372903,0.632240,0.476352,-0.166593,-0.340904,0.762733,0.158592,0.648098,0.734094,0.370880
0.753199,0.400716,0.258220,0.847322,0.520464,-0.223189,-0.312131,0.411212,0.631123,0.215082,0.972217,0.418122
0.753544,0.035531,0.289931,0.520049,0.543526,-0.218141,-0.404232,-0.365185,0.031711,-0.327273,0.596467,0.506410
0.753871,-0.291058,-0.188006,0.189232,0.593450,-0.157779,-0.492313,-0.326589,-0.477937,-0.330817,0.394803,0.619449
0.754396,0.294827,0.174461,0.060692,0.497716,-0.060600,-0.359028,0.585885,0.362467,-0.128540,0.347913,0.380295
0.757265,1.009008,1.137575,-0.140864,0.129367,0.115720,-0.137579,0.714181,0.963114,-0.201556,1.527094,0.049055
0.763742,0.471672,0.877183,-0.595619,-0.229974,0.308206,-0.185407,-0.537336,-0.260392,-0.454755,1.160468,0.182255
0.771012,-0.996102,-1.146706,-1.010698,-0.258319,0.300497,-0.407594,-1.467774,-2.023889,-0.415079,1.824463,0.323160
0.774340,-1.282009,-2.641465,-0.891677,-0.123487,0.037258,-0.210504,-0.285907,-1.494759,0.119021,3.068546,0.060949
0.772044,0.758188,-1.027993,-0.307901,-0.111240,-0.187159,0.522757,2.040197,1.613472,0.583776,1.313934,0.320678
0.765110,2.971865,2.058615,-0.054287,-0.117129,-0.077327,1.054201,2.213677,3.086608,0.253614,3.615636,1.131038
0.755280,2.337057,2.308865,-0.396304,-0.050163,0.200280,0.878498,-0.634808,0.250250,-0.342017,3.309041,0.814387
0.747935,-0.363019,-0.270434,-0.161262,-0.170350,0.215500,0.432117,-2.700076,-2.579299,0.235042,0.480544,0.262184
0.750005,-1.488483,-1.539727,1.535313,-0.536784,-0.065680,0.263124,-1.125464,-1.269293,1.696575,2.635057,0.361685
0.760138,-0.243731,-0.558120,3.220908,-0.704135,-0.277639,0.270484,1.244752,0.981607,1.685595,3.277980,0.646051
0.768704,0.495003,0.014237,2.754766,-0.356327,-0.294331,0.140729,0.738734,0.572357,-0.466142,2.798922,0.233404
0.769793,-0.506607,-0.295221,0.683421,0.168003,-0.303149,-0.075630,-1.001610,-0.309458,-2.071345,0.900483,0.125844
0.766058,-1.027495,0.010917,-0.473252,0.339105,-0.319299,-0.157526,-0.520888,0.306138,-1.156673,1.131297,0.241758
0.762925,-0.152542,0.610613,-0.272938,0.205905,-0.175908,-0.117922,0.874953,0.599696,0.200314,0.686012,0.087246
0.763662,-0.045752,0.509082,-0.757638,0.175398,0.104874,-0.089762,0.106790,-0.101531,-0.484700,0.913933,0.049820
0.767815,-1.085169,0.105664,-2.204270,0.184062,0.318859,-0.033118,-1.039417,-0.403418,-1.446632,2.459179,0.136647
0.772062,-0.824401,-0.165459,-2.270839,-0.102225,0.352840,0.107497,0.260768,-0.271123,-0.066569,2.421513,0.146502
0.774567,0.734567,-0.385205,-0.347495,-0.503983,0.244938,0.216300,1.558968,-0.219746,1.923344,0.899291,0.360779
0.777375,1.121935,-0.255000,1.439618,-0.626455,0.086219,0.277119,0.387368,0.130205,1.787113,1.842895,0.476675
0.782103,0.490341,0.314964,1.798882,-0.512286,-0.031452,0.379265,-0.631594,0.569964,0.359264,1.890929,0.407268
0.785480,0.449731,0.601785,1.153284,-0.344188,-0.060237,0.315017,-0.040610,0.286821,-0.645598,1.376396,0.221330
0.782732,0.154051,0.034026,0.005108,-0.078899,-0.030929,-0.090418,-0.295680,-0.567759,-1.148176,0.157847,0.015357
0.774315,-0.936824,-0.605990,-1.074818,0.282809,-0.006594,-0.386981,-1.090875,-0.640016,-1.079926,1.549225,0.229779
0.765220,-0.710766,0.082891,-1.340594,0.537285,-0.019561,-0.159362,0.226058,0.688881,-0.265776,1.519622,0.314454
0.758781,1.029690,1.516181,-0.752545,0.470005,-0.048501,0.218887,1.740456,1.433290,0.588049,1.981260,0.271169
0.756144,1.417508,1.543596,0.079891,0.069401,-0.050138,0.293994,0.387818,0.027415,0.832436,2.097236,0.093763
0.759242,0.102687,0.191246,0.626000,-0.339381,-0.050017,0.179152,-1.314821,-1.352350,0.546109,0.662567,0.149777
0.767501,-0.414961,-0.612382,0.646369,-0.340775,-0.141878,0.082821,-0.517648,-0.803628,0.020369,0.982343,0.143116
0.774280,0.193440,-0.433839,0.366985,0.025109,-0.344563,0.039736,0.608401,0.178543,-0.279384,0.600261,0.120933
0.773801,0.441666,-0.150595,0.443617,0.298114,-0.526136,0.070315,0.248226,0.283244,0.076632,0.643851,0.370635
0.769994,0.149192,-0.244651,0.831454,0.262345,-0.490558,0.114342,-0.292474,-0.094056,0.387837,0.879448,0.322546
0.771837,-0.345392,-0.486548,0.218762,0.120995,-0.186118,0.116409,-0.494584,-0.241897,-0.612692,0.635517,0.062831
0.780979,-0.950445,-0.017670,-1.781069,-0.000024,0.148439,0.172545,-0.605053,0.468878,-1.999831,2.018877,0.051806
0.790903,-0.928191,1.071922,-3.024689,-0.203358,0.249160,0.313117,0.022254,1.089592,-1.243620,3.340554,0.201477
0.797371,-0.028698,1.207427,-1.929062,-0.448674,0.189912,0.403392,0.899493,0.135505,1.095627,2.275958,0.400100
0.801174,0.498268,0.141213,-0.122020,-0.484503,0.156149,0.314878,0.526966,-1.066214,1.807042,0.532072,0.358274
0.801304,-0.081796,-0.720280,0.603655,-0.224835,0.099339,0.057009,-0.580064,-0.861493,0.725675,0.943342,0.063669
0.795131,-0.625543,-0.837499,0.709024,0.094768,-0.028329,-0.149251,-0.543747,-0.117219,0.105369,1.263101,0.032059
0.785014,-0.137528,-0.350673,0.649324,0.217535,-0.087903,-0.107274,0.488015,0.486826,-0.059700,0.750671,0.066556
0.776690,0.394437,0.411660,0.192910,0.156010,-0.044198,0.017730,0.531965,0.762333,-0.456414,0.601879,0.026607
0.773273,-0.135469,0.453063,0.022107,0.067590,-0.044157,0.026538,-0.529906,0.041403,-0.170803,0.473399,0.007223
0.775751,-0.614902,-0.165785,0.652294,-0.015061,-0.149704,0.083468,-0.479433,-0.618848,0.630187,0.911634,0.029605
0.783565,0.280443,-0.191179,1.080178,-0.116575,-0.266737,0.297190,0.895345,-0.025394,0.427884,1.132247,0.173060
0.792058,1.294798,0.279181,0.435295,-0.188348,-0.277784,0.458287,1.014355,0.470360,-0.644883,1.394247,0.322666
0.796898,0.963003,0.402672,-0.475438,-0.289275,-0.154579,0.500422,-0.331795,0.123491,-0.910733,1.146979,0.357997
0.799678,0.424478,0.242684,-0.296842,-0.494239,0.012968,0.502473,-0.538525,-0.159988,0.178596,0.572007,0.496919
0.800726,0.469316,-0.211192,0.588289,-0.495574,0.133192,0.282330,0.044838,-0.453876,0.885131,0.781629,0.343044
0.793089,-0.487665,-0.849525,0.481949,-0.005184,0.173346,-0.237181,-0.956981,-0.638333,-0.106340,1.091689,0.086331
0.774714,-2.315394,-0.873280,-0.282743,0.536860,0.093297,-0.632412,-1.827729,-0.023755,-0.764692,2.490705,0.696868
0.758291,-2.273568,-0.478799,0.068192,0.566451,-0.053580,-0.581550,0.041826,0.394481,0.350935,2.324438,0.661938
0.757571,-0.322397,-0.282442,0.481169,0.320742,-0.116099,-0.291548,1.951171,0.196357,0.412977,0.644389,0.201355
0.769564,0.882651,0.453599,-0.840438,0.262680,-0.148499,-0.009147,1.205048,0.736041,-1.321607,1.300446,0.091136
0.778193,1.212372,1.492246,-1.717272,0.264634,-0.259258,0.236367,0.329721,1.038647,-0.876834,2.577919,0.193115
0.773283,1.726280,0.914474,-0.450182,0.114627,-0.157001,0.350994,0.513908,-0.577772,1.267090,2.004737,0.160985
0.759655,0.897875,-0.867397,-0.367124,0.013245,0.381814,0.223087,-0.828405,-1.781871,0.083058,1.301283,0.195725
0.746289,-1.684577,-1.467159,-2.773556,0.052206,0.829350,0.002610,-2.582452,-0.599762,-2.406432,3.561315,0.690554
0.735704,-2.662813,-0.855408,-2.842946,0.004207,0.622612,-0.062834,-0.978236,0.611751,-0.069390,3.988062,0.391612
0.728385,-0.713044,-0.429890,1.090421,-0.135608,0.135611,0.006722,1.949769,0.425518,3.933367,1.371953,0.036825
0.725936,0.861492,-0.134119,3.456614,-0.147410,0.006393,-0.003058,1.574536,0.295771,2.366193,3.564875,0.021780
0.727410,0.251955,0.271387,1.731857,-0.112238,0.082768,-0.115641,-0.609537,0.405506,-1.724757,1.771006,0.032821
0.733098,-0.307532,0.382556,0.461326,-0.269126,-0.074041,-0.118038,-0.559487,0.111169,-1.270531,0.673607,0.091844
0.746106,0.457720,0.381810,1.602487,-0.507694,-0.313946,0.053804,0.765252,-0.000746,1.141161,1.709752,0.359210
0.761785,1.014825,0.435802,1.631194,-0.507499,-0.307231,0.149098,0.557105,0.053992,0.028707,1.969921,0.374176
0.768723,0.498725,0.222925,-0.376124,-0.188700,-0.166754,-0.012620,-0.516100,-0.212877,-2.007318,0.663243,0.063574
0.765394,-0.365545,0.007188,-1.648575,0.223323,-0.137502,-0.233387,-0.864270,-0.215737,-1.272451,1.688631,0.123249
0.760954,-0.965110,0.050554,-1.465483,0.454236,-0.221775,-0.254718,-0.599565,0.043366,0.183092,1.755458,0.320396
0.760142,-0.940826,-0.033415,-0.991907,0.448906,-0.299219,-0.114615,0.024284,-0.083969,0.473576,1.367534,0.304185
0.762017,-0.284533,-0.039376,-0.651810,0.335843,-0.257296,0.068370,0.656293,-0.005961,0.340097,0.712296,0.183666
0.767870,0.352566,0.448595,-0.622155,0.152280,-0.087156,0.296233,0.637099,0.487971,0.029655,0.844167,0.118539
0.777065,0.663040,0.658487,-0.707142,-0.121965,0.054773,0.475095,0.310474,0.209892,-0.084987,1.171869,0.243591
0.783501,0.705303,-0.084935,-0.281958,-0.351366,0.083377,0.458693,0.042263,-0.743422,0.425184,0.764308,0.340809
0.784092,0.240681,-0.862983,0.323175,-0.399256,0.110630,0.324904,-0.464622,-0.778048,0.605133,0.952423,0.277207
0.779856,-0.481096,-0.687944,0.434804,-0.289136,0.154747,0.156568,-0.721777,0.175039,0.111629,0.945397,0.132060
0.769437,-0.933903,-0.319019,0.255373,-0.049286,0.072813,-0.142755,-0.452807,0.368925,-0.179431,1.019394,0.028110
0.755101,-1.218308,-0.747349,0.053112,0.274981,-0.130461,-0.439716,-0.284405,-0.428330,-0.202261,1.430254,0.285985
0.747227,-0.989235,-0.796779,-0.144230,0.516418,-0.295448,-0.390926,0.229073,-0.049430,-0.197342,1.278376,0.506800
0.750378,0.229080,0.775788,0.017936,0.602236,-0.361096,-0.131793,1.218315,1.572567,0.162166,0.809102,0.510448
0.756733,1.012981,1.966112,0.577914,0.629303,-0.334482,-0.176046,0.783901,1.190324,0.559978,2.285982,0.538893
0.760850,-0.060946,0.752614,0.694201,0.570491,-0.147449,-0.471600,-1.073927,-1.213498,0.116287,1.025698,0.569608
0.767235,-1.410519,-0.689360,-0.283212,0.275043,0.236119,-0.437836,-1.349573,-1.441974,-0.977413,1.595303,0.323101
0.778904,-1.078259,-0.170559,-1.670282,-0.176807,0.628262,-0.087605,0.332260,0.518801,-1.387070,1.995388,0.433648
0.789901,-0.112266,0.156974,-2.112125,-0.458675,0.675404,-0.038913,0.965993,0.327533,-0.441843,2.120924,0.668068
0.792785,0.172290,-1.276366,-1.226340,-0.380611,0.268977,-0.238459,0.284556,-1.433340,0.885785,1.778399,0.274076
0.787282,0.902053,-1.675296,0.019946,-0.085197,-0.185727,-0.014135,0.729763,-0.398930,1.246286,1.902817,0.041953
0.778649,2.154953,0.324527,0.468078,0.117405,-0.257773,0.536727,1.252900,1.999823,0.448132,2.228954,0.368307
0.771106,1.570116,1.414093,0.097784,0.003937,-0.087472,0.729837,-0.584837,1.089566,-0.370294,2.115298,0.540329
0.766954,-0.536436,0.030857,0.108503,-0.356281,-0.047385,0.585027,-2.106552,-1.383236,0.010719,0.548168,0.471438
0.768264,-0.974674,-0.928237,1.124148,-0.633812,-0.129429,0.520132,-0.438238,-0.959094,1.015645,1.753660,0.689007
0.773736,0.192118,-0.245025,2.040989,-0.654532,-0.128422,0.470571,1.166792,0.683212,0.916841,2.064602,0.666341
0.778942,0.355801,0.089333,1.777682,-0.569530,-0.048868,0.289414,0.163683,0.334358,-0.263307,1.815139,0.410513
0.782179,-0.404103,-0.202802,0.762317,-0.389211,0.010717,0.063019,-0.759904,-0.292135,-1.015365,0.886315,0.155571
0.781816,-0.887076,0.056694,-0.262656,0.088825,0.049224,-0.255988,-0.482973,0.259496,-1.024973,0.926880,0.075843
0.772636,-1.455410,0.197904,-1.044330,0.635617,0.074163,-0.613057,-0.568334,0.141210,-0.781674,1.802223,0.785348
0.757725,-1.504835,-0.446323,-1.072146,0.712245,0.052150,-0.627327,-0.049425,-0.644227,-0.027816,1.900850,0.903552
0.753542,0.255618,-0.590985,-0.179118,0.374082,-0.001481,-0.234249,1.760453,-0.144662,0.893028,0.668347,0.194812
0.768600,2.116768,0.368733,0.306318,0.107599,-0.033970,0.175408,1.861150,0.959718,0.485436,2.170369,0.043499
0.789940,1.668327,1.020192,-0.498870,-0.067231,-0.062797,0.430013,-0.448441,0.651459,-0.805188,2.018162,0.193375
0.801777,0.348930,0.433422,-0.907102,-0.364885,-0.126398,0.591759,-1.319397,-0.586770,-0.408232,1.064162,0.499296
0.802198,0.316477,-0.503266,0.349761,-0.546549,-0.124838,0.511914,-0.032453,-0.936688,1.256863,0.689759,0.576356
0.794867,0.023918,-0.859480,1.143474,-0.316050,0.052958,0.092846,-0.292559,-0.356214,0.793713,1.430668,0.111313
0.781896,-1.763922,-0.848187,-0.177278,0.100085,0.228774,-0.294530,-1.787840,0.011293,-1.320752,1.965266,0.149102
0.768700,-2.090604,-0.592263,-1.397996,0.304024,0.135762,-0.214066,-0.326682,0.255924,-1.220718,2.583756,0.156686
0.760692,0.566788,0.242410,-0.619739,0.197762,-0.094653,0.191372,2.657392,0.834673,0.778257,0.874121,0.084692
0.757080,2.348299,0.942483,0.732221,-0.094550,-0.131337,0.419333,1.781511,0.700073,1.351960,2.634185,0.202029
0.757739,0.874733,0.487826,1.366351,-0.383846,-0.010922,0.342006,-1.473566,-0.454657,0.634130,1.694121,0.264425
0.765315,-0.648341,-0.347426,1.621870,-0.461483,0.008727,0.198599,-1.523074,-0.835252,0.255519,1.780874,0.252484
0.775244,-0.192694,-0.475169,1.291051,-0.240250,-0.090451,0.051422,0.455647,-0.127743,-0.330819,1.389147,0.068546
0.779206,0.022610,-0.360085,0.192870,0.127220,-0.200126,-0.148970,0.215304,0.115084,-1.098181,0.409110,0.078427
0.777766,-0.663805,-0.323702,-0.534207,0.354593,-0.298798,-0.231850,-0.686415,0.036383,-0.727077,0.911481,0.268771
0.776629,-0.379802,0.105895,-0.381130,0.300770,-0.310386,-0.060591,0.284003,0.429597,0.153077,0.548383,0.190473
0.778869,0.513530,0.663581,-0.458793,0.108906,-0.162256,0.183444,0.893332,0.557686,-0.077663,0.956318,0.071839
0.786989,0.364612,0.721160,-1.153027,-0.055661,0.003885,0.313920,-0.148918,0.057579,-0.694234,1.408007,0.101659
0.799560,0.004255,0.405959,-1.199218,-0.258597,0.069833,0.422855,-0.360357,-0.315201,-0.046191,1.266074,0.250555
0.807401,0.625132,0.229910,-0.218584,-0.515522,0.157970,0.544350,0.620877,-0.176049,0.980634,0.701019,0.587034
0.804856,0.739004,0.165646,0.244195,-0.532459,0.278507,0.392248,0.113872,-0.064264,0.462779,0.795737,0.514937
0.796913,-0.893530,-0.403588,-0.434511,-0.158743,0.183106,-0.086771,-1.632534,-0.569234,-0.678706,1.072417,0.066256
0.788058,-1.995326,-1.020059,-0.637771,0.229494,-0.156812,-0.360359,-1.101796,-0.616471,-0.203260,2.329935,0.207116
0.776305,-0.357525,-0.244386,0.478866,0.280582,-0.406668,-0.139000,1.637801,0.775673,1.116637,0.645648,0.263426
0.762930,1.684137,1.131200,1.250395,0.187601,-0.375316,0.111599,2.041662,1.375586,0.771529,2.383153,0.188511
0.754204,1.034810,0.894570,0.330858,0.220728,-0.210216,0.042958,-0.649327,-0.236630,-0.919537,1.407322,0.094757
0.748735,-0.763588,-0.303182,-1.103141,0.288107,-0.042974,-0.064787,-1.798398,-1.197752,-1.433999,1.375466,0.089050
0.737825,-0.918626,-0.358085,-1.603530,0.280154,0.126769,0.027368,-0.155038,-0.054903,-0.500389,1.882394,0.095306
0.722791,-0.189065,0.349400,-1.552871,0.244375,0.232824,0.181600,0.729561,0.707485,0.050659,1.602883,0.146905
0.714910,-0.217630,0.323718,-1.389693,0.130738,0.217795,0.244229,-0.028565,-0.025682,0.163178,1.443400,0.124175
0.715390,-0.586079,-0.356071,-0.595007,-0.094134,0.204360,0.185184,-0.368449,-0.679789,0.794686,0.907914,0.084917
0.715356,-0.705475,-0.708945,0.410408,-0.247774,0.274506,0.030274,-0.119396,-0.352874,1.005415,1.081079,0.137662
0.715382,-0.734624,-0.402081,0.757606,-0.235476,0.270728,-0.114540,-0.029149,0.306864,0.347198,1.129296,0.141862
0.723213,-0.348055,0.041359,1.197595,-0.239549,0.096889,-0.131356,0.386569,0.443440,0.439989,1.247833,0.084026
0.736342,0.603875,0.126584,2.173100,-0.372350,-0.048853,-0.017927,0.951930,0.085225,0.975505,2.258994,0.141353
0.747014,1.119090,0.104018,2.036566,-0.455834,-0.013282,0.118515,0.515215,-0.022566,-0.136534,2.326109,0.222007
0.755137,0.671432,0.399777,0.215587,-0.320931,0.045048,0.157567,-0.447658,0.295759,-1.820979,0.810630,0.129853
0.761418,0.242392,0.734433,-1.190955,-0.092828,-0.025056,0.062848,-0.429040,0.334656,-1.406542,1.420042,0.013195
0.761947,0.373456,0.522497,-0.900555,0.020367,-0.121654,-0.067288,0.131064,-0.211936,0.290400,1.106107,0.019742
0.757132,0.318580,-0.005322,-0.057838,0.045252,-0.162711,-0.086277,-0.054876,-0.527819,0.842717,0.323831,0.035966
0.751784,-0.061172,-0.046017,0.356576,0.107141,-0.239093,0.017349,-0.379752,-0.040695,0.414414,0.364700,0.068946
0.747554,-0.036112,0.291836,0.561721,0.164214,-0.338772,0.110800,0.025060,0.337853,0.205145,0.634037,0.154009
0.746326,0.167246,0.242590,0.340471,0.129090,-0.276691,0.136254,0.203358,-0.049246,-0.221250,0.450268,0.111787
0.753277,-0.196142,0.070122,-0.797359,0.046154,-0.046463,0.181222,-0.363388,-0.172468,-1.137830,0.824118,0.037130
0.768156,-0.499114,0.419082,-1.870564,-0.050325,0.085724,0.293802,-0.302972,0.348960,-1.073205,1.980847,0.096201
0.781996,0.195998,0.657785,-1.392473,-0.244059,0.020533,0.425897,0.695112,0.238703,0.478091,1.552442,0.241375
0.788338,1.064693,0.161524,0.095855,-0.537457,0.034131,0.523923,0.868695,-0.496261,1.488328,1.081133,0.564520
0.789829,0.835974,-0.221852,0.674843,-0.691544,0.269922,0.487320,-0.228719,-0.383376,0.578988,1.097034,0.788572
0.788642,-0.211315,-0.034906,-0.029068,-0.492206,0.391125,0.234615,-1.047289,0.186946,-0.703911,0.216142,0.450290
0.780381,-1.002943,-0.214583,-0.398385,-0.131064,0.159291,-0.058490,-0.791628,-0.179677,-0.369317,1.100296,0.045972
0.764756,-0.883917,-0.726939,0.410708,0.037399,-0.095328,-0.157240,0.119026,-0.512356,0.809093,1.215907,0.035211
0.750643,-0.146901,-0.398850,0.922928,0.069583,-0.097992,-0.163033,0.737016,0.328089,0.512220,1.016099,0.041024
0.743110,0.055311,0.343180,0.012685,0.250319,-0.109743,-0.241280,0.202212,0.742030,-0.910243,0.347840,0.132919
0.737040,-0.511740,0.275472,-1.043148,0.510111,-0.262095,-0.261061,-0.567051,-0.067708,-1.055833,1.194119,0.397060
0.727690,-0.756802,-0.098036,-1.288785,0.582156,-0.212318,-0.127877,-0.245062,-0.373508,-0.245637,1.497774,0.400337
0.717698,-0.481122,-0.007112,-1.485446,0.435397,0.107471,0.016888,0.275680,0.090924,-0.196661,1.561435,0.201406
0.712517,-0.255574,0.120037,-1.469135,0.180886,0.269577,0.101667,0.225548,0.127149,0.016311,1.496023,0.115728
0.714636,0.158497,0.099320,-0.460609,-0.084242,0.108603,0.145368,0.414071,-0.020717,1.008526,0.497138,0.040023
0.722445,0.669552,0.073673,0.633542,-0.265111,-0.082176,0.129967,0.511055,-0.025647,1.094151,0.924718,0.093928
0.732890,0.548536,-0.141431,0.976925,-0.371138,-0.110574,0.134287,-0.121016,-0.215104,0.343383,1.129282,0.168003
0.743446,0.193756,-0.234027,1.137567,-0.458364,-0.064032,0.204108,-0.354780,-0.092596,0.160642,1.177442,0.255858
0.750894,0.241522,0.007994,1.070669,-0.416671,-0.077632,0.134598,0.047766,0.242021,-0.066898,1.097601,0.197758
0.751829,0.081325,-0.162347,0.412387,-0.119856,-0.227271,-0.124421,-0.160197,-0.170341,-0.658282,0.450592,0.081498
0.746406,-0.425094,-0.570033,0.033964,0.276283,-0.451945,-0.223848,-0.506419,-0.407686,-0.378423,0.711896,0.330695
0.738992,-0.372121,0.090392,0.420904,0.467061,-0.544230,-0.041152,0.052973,0.660425,0.386940,0.569039,0.516026
0.734337,0.095099,1.322360,0.573656,0.385480,-0.409471,0.086208,0.467220,1.231968,0.152752,1.444563,0.323693
