======================================================================
MODELLING REPORT
2026-04-07 13:40:07
======================================================================

# RUNNING CONFIG
----------------------------------------------------------------------
{
    "preprocess_calibrate": false,
    "preprocess_cutoff": 20,
    "preprocess_trim": false,
    "augment_jerk": true,
    "augment_mags": false,
    "window_data": false,
    "window_size": 250,
    "window_hop": 125,
    "affect": "stress"
}

======================================================================

# MODELLING CONFIG
----------------------------------------------------------------------
Pipeline(steps=[('scaler', StandardScaler()), ('reducer', SelectKBest(k=250)),
                ('selector',
                 RFECV(estimator=RandomForestClassifier(n_jobs=-1), step=0.05)),
                ('classifier',
                 RandomForestClassifier(n_estimators=1000, n_jobs=-1))])

======================================================================

# CV RESULTS
----------------------------------------------------------------------
          fit_time  score_time  test_accuracy  train_accuracy  test_precision  train_precision  test_recall  train_recall   test_f1  train_f1  overfit_gap
Fold 1   46.805111    0.273338       0.731250             1.0        0.747263              1.0     0.731250           1.0  0.739170       1.0     0.268750
Fold 2   46.966779    0.251716       0.737500             1.0        0.560127              1.0     0.737500           1.0  0.636691       1.0     0.262500
Fold 3   46.610270    0.290483       0.792857             1.0        0.726281              1.0     0.792857           1.0  0.758110       1.0     0.207143
Fold 4   44.821218    0.328182       0.835714             1.0        0.732013              1.0     0.835714           1.0  0.780434       1.0     0.164286
Mean     46.300844    0.285930       0.774330             1.0        0.691421              1.0     0.774330           1.0  0.728601       1.0     0.225670
Std Dev   0.997128    0.032327       0.049409             0.0        0.087976              0.0     0.049409           0.0  0.063552       0.0     0.049409

======================================================================

# PER-PARTICIPANT PERFORMANCE (GLOBAL)
----------------------------------------------------------------------
             Fold  Accuracy  Num_Trials
Participant                            
9               1      0.00          20
6               2      0.00          20
30              2      0.00          20
11              3      0.00          20
22              4      0.00          20
26              1      0.20          20
25              3      0.55          20
13              1      0.80          20
16              4      0.90          20
1               1      0.90          20
21              1      0.95          20
12              4      0.95          20
23              2      0.95          20
18              2      0.95          20
5               1      1.00          20
29              1      1.00          20
27              2      1.00          20
2               2      1.00          20
10              2      1.00          20
14              2      1.00          20
17              1      1.00          20
15              3      1.00          20
7               3      1.00          20
3               3      1.00          20
4               4      1.00          20
24              3      1.00          20
19              3      1.00          20
8               4      1.00          20
20              4      1.00          20
28              4      1.00          20

======================================================================

# STABLE FEATURES (GLOBAL)
----------------------------------------------------------------------
Total features stable across ALL folds: 5

Features list:
 - ay__root_mean_square
 - az__standard_deviation
 - az__root_mean_square
 - gy__mean_abs_change
 - jz__root_mean_square

======================================================================

# TRIAL-BASED STATS
----------------------------------------------------------------------
Average Prediction Confidence: 0.8621
Avg Confidence when Correct:   0.9460
Avg Confidence when Incorrect: 0.8453
Average Prediction Margin:     0.7242

======================================================================

# TRIAL CONFUSION MATRIX
----------------------------------------------------------------------
            Pred_False  Pred_True
True_False           0        500
True_True            0        100

======================================================================

# PER-PARTICIPANT PERFORMANCE (TRIAL-LEVEL)
----------------------------------------------------------------------
             Fold  Trial_Accuracy  Avg_Confidence  Num_Trials
Participant                                                  
21              1             0.0         0.82980          20
5               1             0.0         0.92325          20
17              1             0.0         0.93970          20
13              1             0.0         0.57130          20
29              1             0.0         0.95675          20
26              1             0.0         0.59990          20
1               1             0.0         0.62970          20
14              2             0.0         0.98410          20
27              2             0.0         0.94035          20
10              2             0.0         0.96365          20
23              2             0.0         0.75885          20
18              2             0.0         0.96735          20
2               2             0.0         0.89085          20
24              3             0.0         0.90085          20
15              3             0.0         0.94915          20
19              3             0.0         0.77120          20
4               4             0.0         0.88420          20
16              4             0.0         0.69105          20
20              4             0.0         0.95830          20
7               3             0.0         0.89835          20
3               3             0.0         0.82120          20
25              3             0.0         0.72265          20
8               4             0.0         0.92485          20
28              4             0.0         0.92905          20
12              4             0.0         0.72695          20
30              2             1.0         0.98670          20
9               1             1.0         0.98845          20
6               2             1.0         0.92125          20
11              3             1.0         0.85840          20
22              4             1.0         0.97520          20

======================================================================

