======================================================================
MODELLING REPORT
2026-04-10 12:57:12
======================================================================

# RUNNING CONFIG
----------------------------------------------------------------------
{
    "preprocess_calibrate": false,
    "preprocess_cutoff": 20,
    "preprocess_trim": false,
    "augment_jerk": true,
    "augment_mags": false,
    "window_data": false,
    "window_size": 250,
    "window_hop": 125,
    "affect": "stress"
}

======================================================================

# MODELLING CONFIG
----------------------------------------------------------------------
Pipeline(steps=[('scaler', StandardScaler()), ('reducer', SelectKBest(k=500)),
                ('selector',
                 RFE(estimator=RandomForestClassifier(n_estimators=50,
                                                      n_jobs=-1),
                     n_features_to_select=50, step=0.05)),
                ('classifier', MLPClassifier(hidden_layer_sizes=[64]))])

======================================================================

# CV RESULTS
----------------------------------------------------------------------
         fit_time  score_time  test_accuracy  train_accuracy  test_precision  train_precision  test_recall  train_recall   test_f1  train_f1  overfit_gap
Fold 1   3.185267    0.034390       0.487500             1.0        0.457332              1.0     0.487500           1.0  0.469778       1.0     0.512500
Fold 2   3.192801    0.035327       0.518750             1.0        0.446496              1.0     0.518750           1.0  0.478596       1.0     0.481250
Fold 3   3.208138    0.038937       0.457143             1.0        0.439560              1.0     0.457143           1.0  0.448179       1.0     0.542857
Fold 4   3.146148    0.036978       0.342857             1.0        0.364835              1.0     0.342857           1.0  0.346610       1.0     0.657143
Mean     3.183088    0.036408       0.451562             1.0        0.427056              1.0     0.451562           1.0  0.435791       1.0     0.548438
Std Dev  0.026402    0.001997       0.076711             0.0        0.042120              0.0     0.076711           0.0  0.060811       0.0     0.076711

======================================================================

# PER-PARTICIPANT PERFORMANCE (GLOBAL)
----------------------------------------------------------------------
             Fold  Accuracy  Num_Trials
Participant                            
1               1      0.00          20
21              1      0.00          20
13              2      0.00          20
6               2      0.00          20
11              4      0.00          20
27              4      0.00          20
26              3      0.00          20
3               3      0.00          20
9               1      0.10          20
30              1      0.15          20
12              3      0.15          20
4               4      0.20          20
16              4      0.25          20
8               4      0.30          20
22              2      0.30          20
23              2      0.40          20
19              3      0.40          20
25              4      0.65          20
29              2      0.75          20
15              3      0.85          20
17              1      0.85          20
5               1      0.85          20
2               2      0.85          20
10              2      0.85          20
24              3      0.90          20
7               3      0.90          20
28              1      0.95          20
14              1      1.00          20
18              2      1.00          20
20              4      1.00          20

======================================================================

# STABLE FEATURES (GLOBAL)
----------------------------------------------------------------------
Total features stable across ALL folds: 2

Features list:
 - gx__friedrich_coefficients__coeff_3__m_3__r_30
 - gy__change_quantiles__f_agg_"mean"__isabs_True__qh_0.8__ql_0.0

======================================================================

# TRIAL-BASED STATS
----------------------------------------------------------------------
Average Prediction Confidence: 0.8890
Avg Confidence when Correct:   0.9054
Avg Confidence when Incorrect: 0.8754
Average Prediction Margin:     0.7904

======================================================================

# TRIAL CONFUSION MATRIX
----------------------------------------------------------------------
        Pred_0  Pred_1  Pred_2
True_0       0      48      32
True_1      30     249     101
True_2      13     103      24

======================================================================

# PER-PARTICIPANT PERFORMANCE (TRIAL-LEVEL)
----------------------------------------------------------------------
             Fold  Trial_Accuracy  Avg_Confidence  Num_Trials
Participant                                                  
21              1            0.00        0.936589          20
1               1            0.00        0.872520          20
13              2            0.00        0.787093          20
6               2            0.00        0.983176          20
11              4            0.00        0.802323          20
27              4            0.00        0.908340          20
26              3            0.00        0.980100          20
3               3            0.00        0.987057          20
9               1            0.10        0.879003          20
30              1            0.15        0.932522          20
12              3            0.15        0.826263          20
4               4            0.20        0.908224          20
16              4            0.25        0.976311          20
8               4            0.30        0.764895          20
22              2            0.30        0.777609          20
23              2            0.40        0.744957          20
19              3            0.40        0.774018          20
25              4            0.65        0.849689          20
29              2            0.75        0.808653          20
15              3            0.85        0.913856          20
17              1            0.85        0.962939          20
5               1            0.85        0.892663          20
10              2            0.85        0.886321          20
2               2            0.85        0.874250          20
24              3            0.90        0.932756          20
7               3            0.90        0.897659          20
28              1            0.95        0.868763          20
14              1            1.00        0.988337          20
18              2            1.00        0.953691          20
20              4            1.00        0.999846          20

======================================================================

