======================================================================
MODELLING REPORT
2026-04-07 16:21:51
======================================================================

# RUNNING CONFIG
----------------------------------------------------------------------
{
    "preprocess_calibrate": false,
    "preprocess_cutoff": 20,
    "preprocess_trim": false,
    "augment_jerk": true,
    "augment_mags": false,
    "window_data": false,
    "window_size": 250,
    "window_hop": 125,
    "affect": "stress"
}

======================================================================

# MODELLING CONFIG
----------------------------------------------------------------------
Pipeline(steps=[('scaler', StandardScaler()), ('reducer', SelectKBest(k=250)),
                ('selector',
                 RFECV(estimator=RandomForestClassifier(n_jobs=-1), step=0.05)),
                ('classifier',
                 RandomForestClassifier(n_estimators=1000, n_jobs=-1))])

======================================================================

# CV RESULTS
----------------------------------------------------------------------
          fit_time  score_time  test_accuracy  train_accuracy  test_precision  train_precision  test_recall  train_recall   test_f1  train_f1  overfit_gap
Fold 1   46.174001    0.320132       0.471429             1.0        0.491071              1.0     0.471429           1.0  0.471429       1.0     0.528571
Fold 2   46.518408    0.283962       0.621429             1.0        0.628063              1.0     0.621429           1.0  0.623202       1.0     0.378571
Fold 3   47.501613    0.180766       0.512500             1.0        0.531299              1.0     0.512500           1.0  0.426365       1.0     0.487500
Fold 4   42.145192    0.371716       0.275000             1.0        0.217868              1.0     0.275000           1.0  0.236340       1.0     0.725000
Mean     45.584803    0.289144       0.470089             1.0        0.467075              1.0     0.470089           1.0  0.439334       1.0     0.529911
Std Dev   2.361063    0.080728       0.144642             0.0        0.175805              0.0     0.144642           0.0  0.159387       0.0     0.144642

======================================================================

# PER-PARTICIPANT PERFORMANCE (GLOBAL)
----------------------------------------------------------------------
             Fold  Accuracy  Num_Trials
Participant                            
9               1      0.00          20
25              1      0.00          20
19              2      0.00          20
16              4      0.00          20
12              4      0.00          20
4               4      0.00          20
27              3      0.00          20
24              3      0.00          20
22              4      0.00          20
21              1      0.05          20
28              4      0.10          20
20              4      0.10          20
23              2      0.10          20
8               3      0.20          20
15              3      0.30          20
10              2      0.40          20
1               1      0.60          20
11              3      0.65          20
5               1      0.80          20
17              1      0.85          20
2               2      0.85          20
18              3      0.95          20
13              1      1.00          20
14              2      1.00          20
3               3      1.00          20
26              2      1.00          20
6               2      1.00          20
29              3      1.00          20
7               4      1.00          20
30              4      1.00          20

======================================================================

# STABLE FEATURES (GLOBAL)
----------------------------------------------------------------------
Total features stable across ALL folds: 7

Features list:
 - ax__mean_abs_change
 - gz__mean_abs_change
 - gz__standard_deviation
 - gz__root_mean_square
 - jx__mean_abs_change
 - jx__standard_deviation
 - jx__root_mean_square

======================================================================

# TRIAL-BASED STATS
----------------------------------------------------------------------
Average Prediction Confidence: 0.7194
Avg Confidence when Correct:   0.7356
Avg Confidence when Incorrect: 0.7009
Average Prediction Margin:     0.4389

======================================================================

# TRIAL CONFUSION MATRIX
----------------------------------------------------------------------
            Pred_False  Pred_True
True_False           0        280
True_True            0        320

======================================================================

# PER-PARTICIPANT PERFORMANCE (TRIAL-LEVEL)
----------------------------------------------------------------------
             Fold  Trial_Accuracy  Avg_Confidence  Num_Trials
Participant                                                  
21              1             0.0         0.62715          20
13              1             0.0         0.72575          20
19              2             0.0         0.77835          20
1               1             0.0         0.55910          20
2               2             0.0         0.62500          20
8               3             0.0         0.67345          20
26              2             0.0         0.83105          20
15              3             0.0         0.62605          20
27              3             0.0         0.83665          20
16              4             0.0         0.69100          20
4               4             0.0         0.78165          20
20              4             0.0         0.69695          20
24              3             0.0         0.66530          20
28              4             0.0         0.69515          20
9               1             1.0         0.78485          20
17              1             1.0         0.72875          20
11              3             1.0         0.57945          20
23              2             1.0         0.67605          20
6               2             1.0         0.78505          20
10              2             1.0         0.57370          20
14              2             1.0         0.78585          20
5               1             1.0         0.74000          20
25              1             1.0         0.76695          20
18              3             1.0         0.63310          20
30              4             1.0         0.67810          20
3               3             1.0         0.82100          20
29              3             1.0         0.84885          20
7               4             1.0         0.72430          20
12              4             1.0         0.73630          20
22              4             1.0         0.90790          20

======================================================================

