======================================================================
MODELLING REPORT
2026-04-07 16:52:02
======================================================================

# RUNNING CONFIG
----------------------------------------------------------------------
{
    "preprocess_calibrate": false,
    "preprocess_cutoff": 20,
    "preprocess_trim": false,
    "augment_jerk": true,
    "augment_mags": false,
    "window_data": false,
    "window_size": 250,
    "window_hop": 125,
    "affect": "stress"
}

======================================================================

# MODELLING CONFIG
----------------------------------------------------------------------
Pipeline(steps=[('scaler', StandardScaler()), ('reducer', SelectKBest(k=100)),
                ('selector',
                 RFECV(estimator=RandomForestClassifier(n_jobs=-1), n_jobs=-1,
                       step=0.05)),
                ('classifier',
                 GradientBoostingClassifier(max_depth=5, n_estimators=250))])

======================================================================

# CV RESULTS
----------------------------------------------------------------------
          fit_time  score_time  test_accuracy  train_accuracy  test_precision  train_precision  test_recall  train_recall   test_f1  train_f1  overfit_gap
Fold 1   34.400707    0.032296       0.521429             1.0        0.552839              1.0     0.521429           1.0  0.516802       1.0     0.478571
Fold 2   34.518754    0.031266       0.607143             1.0        0.621287              1.0     0.607143           1.0  0.608971       1.0     0.392857
Fold 3   33.883550    0.038538       0.587500             1.0        0.630719              1.0     0.587500           1.0  0.550332       1.0     0.412500
Fold 4   33.891948    0.038703       0.250000             1.0        0.215100              1.0     0.250000           1.0  0.226306       1.0     0.750000
Mean     34.173740    0.035201       0.491518             1.0        0.504986              1.0     0.491518           1.0  0.475603       1.0     0.508482
Std Dev   0.333749    0.003971       0.165134             0.0        0.196349              0.0     0.165134           0.0  0.170507       0.0     0.165134

======================================================================

# PER-PARTICIPANT PERFORMANCE (GLOBAL)
----------------------------------------------------------------------
             Fold  Accuracy  Num_Trials
Participant                            
9               1      0.00          20
25              1      0.00          20
12              4      0.00          20
4               4      0.00          20
22              4      0.00          20
27              3      0.05          20
20              4      0.05          20
19              2      0.10          20
16              4      0.10          20
10              2      0.10          20
28              4      0.15          20
23              2      0.20          20
21              1      0.25          20
15              3      0.35          20
8               3      0.35          20
24              3      0.45          20
1               1      0.75          20
30              4      0.80          20
11              3      0.80          20
18              3      0.80          20
17              1      0.80          20
5               1      0.85          20
7               4      0.90          20
2               2      0.90          20
29              3      0.90          20
26              2      0.95          20
6               2      1.00          20
13              1      1.00          20
3               3      1.00          20
14              2      1.00          20

======================================================================

# STABLE FEATURES (GLOBAL)
----------------------------------------------------------------------
Total features stable across ALL folds: 6

Features list:
 - ax__mean_abs_change
 - ax__standard_deviation
 - ax__root_mean_square
 - gz__mean_abs_change
 - gz__fourier_entropy__bins_10
 - jx__mean_abs_change

======================================================================

# TRIAL-BASED STATS
----------------------------------------------------------------------
Average Prediction Confidence: 0.9595
Avg Confidence when Correct:   0.9725
Avg Confidence when Incorrect: 0.9446
Average Prediction Margin:     0.9190

======================================================================

# TRIAL CONFUSION MATRIX
----------------------------------------------------------------------
            Pred_False  Pred_True
True_False           0        280
True_True            0        320

======================================================================

# PER-PARTICIPANT PERFORMANCE (TRIAL-LEVEL)
----------------------------------------------------------------------
             Fold  Trial_Accuracy  Avg_Confidence  Num_Trials
Participant                                                  
21              1             0.0        0.810437          20
13              1             0.0        0.904661          20
19              2             0.0        0.994002          20
1               1             0.0        0.898716          20
2               2             0.0        0.977504          20
8               3             0.0        0.963893          20
26              2             0.0        0.980777          20
15              3             0.0        0.864891          20
27              3             0.0        0.988272          20
16              4             0.0        0.962573          20
4               4             0.0        0.992130          20
20              4             0.0        0.974740          20
24              3             0.0        0.941690          20
28              4             0.0        0.970480          20
9               1             1.0        0.999993          20
17              1             1.0        0.976747          20
11              3             1.0        0.918099          20
23              2             1.0        0.984753          20
6               2             1.0        0.998960          20
10              2             1.0        0.949773          20
14              2             1.0        0.999578          20
5               1             1.0        0.976913          20
25              1             1.0        0.999985          20
18              3             1.0        0.909795          20
30              4             1.0        0.923676          20
3               3             1.0        0.998293          20
29              3             1.0        0.965123          20
7               4             1.0        0.961045          20
12              4             1.0        0.997457          20
22              4             1.0        0.999995          20

======================================================================

