======================================================================
MODELLING REPORT
2026-04-09 17:38:03
only abc
======================================================================

# RUNNING CONFIG
----------------------------------------------------------------------
{
    "preprocess_calibrate": false,
    "preprocess_cutoff": 20,
    "preprocess_trim": false,
    "augment_jerk": true,
    "augment_mags": false,
    "window_data": false,
    "window_size": 250,
    "window_hop": 125,
    "affect": "stress"
}

======================================================================

# MODELLING CONFIG
----------------------------------------------------------------------
Pipeline(steps=[('scaler', StandardScaler()), ('reducer', SelectKBest(k=500)),
                ('selector',
                 RFE(estimator=RandomForestClassifier(n_jobs=-1),
                     n_features_to_select=25, step=0.05)),
                ('classifier',
                 RandomForestClassifier(class_weight='balanced', max_depth=5,
                                        n_estimators=250, n_jobs=-1))])

======================================================================

# CV RESULTS
----------------------------------------------------------------------
         fit_time  score_time  test_accuracy  train_accuracy  test_precision  train_precision  test_recall  train_recall   test_f1  train_f1  overfit_gap
Fold 1   4.464203    0.077437       0.500000             1.0        0.367647              1.0     0.500000           1.0  0.423729       1.0     0.500000
Fold 2   4.682138    0.071335       0.625000             1.0        0.457237              1.0     0.625000           1.0  0.511905       1.0     0.375000
Fold 3   4.507823    0.095743       0.600000             1.0        0.678571              1.0     0.600000           1.0  0.631924       1.0     0.400000
Fold 4   4.549543    0.078917       0.542857             1.0        0.319328              1.0     0.542857           1.0  0.402116       1.0     0.457143
Mean     4.550927    0.080858       0.566964             1.0        0.455696              1.0     0.566964           1.0  0.492419       1.0     0.433036
Std Dev  0.094158    0.010452       0.056347             0.0        0.159190              0.0     0.056347           0.0  0.104426       0.0     0.056347

======================================================================

# PER-PARTICIPANT PERFORMANCE (GLOBAL)
----------------------------------------------------------------------
             Fold  Accuracy  Num_Trials
Participant                            
1               1       0.0           5
9               1       0.0           5
30              1       0.0           5
6               2       0.0           5
22              2       0.0           5
27              4       0.0           5
25              4       0.0           5
3               3       0.0           5
11              4       0.0           5
13              2       0.2           5
7               3       0.2           5
12              3       0.4           5
14              1       0.4           5
26              3       0.6           5
17              1       0.8           5
5               1       0.8           5
2               2       0.8           5
8               4       0.8           5
29              2       1.0           5
23              2       1.0           5
21              1       1.0           5
28              1       1.0           5
18              2       1.0           5
10              2       1.0           5
4               4       1.0           5
24              3       1.0           5
19              3       1.0           5
15              3       1.0           5
20              4       1.0           5
16              4       1.0           5

======================================================================

# STABLE FEATURES (GLOBAL)
----------------------------------------------------------------------
Total features stable across ALL folds: 4

Features list:
 - gx__mean_abs_change
 - jz__mean_abs_change
 - jz__standard_deviation
 - jz__root_mean_square

======================================================================

# TRIAL-BASED STATS
----------------------------------------------------------------------
Average Prediction Confidence: 0.6823
Avg Confidence when Correct:   0.7000
Avg Confidence when Incorrect: 0.6590
Average Prediction Margin:     0.4244

======================================================================

# TRIAL CONFUSION MATRIX
----------------------------------------------------------------------
        Pred_0  Pred_1  Pred_2
True_0       4      14       2
True_1       2      81      12
True_2       0      35       0

======================================================================

# PER-PARTICIPANT PERFORMANCE (TRIAL-LEVEL)
----------------------------------------------------------------------
             Fold  Trial_Accuracy  Avg_Confidence  Num_Trials
Participant                                                  
1               1             0.0        0.500629           5
9               1             0.0        0.697249           5
30              1             0.0        0.755063           5
22              2             0.0        0.716221           5
6               2             0.0        0.700907           5
27              4             0.0        0.861178           5
25              4             0.0        0.705934           5
3               3             0.0        0.797885           5
11              4             0.0        0.735066           5
13              2             0.2        0.556557           5
7               3             0.2        0.476722           5
12              3             0.4        0.494796           5
14              1             0.4        0.561592           5
26              3             0.6        0.588609           5
17              1             0.8        0.604725           5
5               1             0.8        0.668475           5
2               2             0.8        0.665062           5
8               4             0.8        0.760914           5
18              2             1.0        0.665746           5
23              2             1.0        0.568008           5
21              1             1.0        0.616392           5
28              1             1.0        0.758204           5
10              2             1.0        0.765027           5
29              2             1.0        0.825854           5
20              4             1.0        0.820521           5
19              3             1.0        0.559718           5
15              3             1.0        0.733150           5
24              3             1.0        0.769757           5
4               4             1.0        0.749144           5
16              4             1.0        0.788667           5

======================================================================

