======================================================================
MODELLING REPORT
2026-04-11 11:26:44
======================================================================

# RUNNING CONFIG
----------------------------------------------------------------------
{
    "preprocess_calibrate": false,
    "preprocess_cutoff": 20,
    "preprocess_trim": false,
    "augment_jerk": true,
    "augment_mags": false,
    "window_data": false,
    "window_size": 250,
    "window_hop": 125,
    "affect": "stress"
}

======================================================================

# MODELLING CONFIG
----------------------------------------------------------------------
Pipeline(steps=[('scaler', StandardScaler()), ('reducer', SelectKBest(k=1000)),
                ('selector',
                 RFE(estimator=RandomForestClassifier(n_estimators=50,
                                                      n_jobs=-1),
                     n_features_to_select=10, step=0.05)),
                ('classifier',
                 RandomForestClassifier(class_weight='balanced', max_depth=5,
                                        n_estimators=25, n_jobs=-1))])

======================================================================

# CV RESULTS
----------------------------------------------------------------------
         fit_time  score_time  test_accuracy  train_accuracy  test_precision  train_precision  test_recall  train_recall   test_f1  train_f1  overfit_gap
Fold 1   2.436395    0.021273       0.437500        0.918182        0.435743         0.930626     0.437500      0.918182  0.436319  0.920385     0.480682
Fold 2   2.412482    0.021503       0.431250        0.884091        0.432770         0.906721     0.431250      0.884091  0.431981  0.886155     0.452841
Fold 3   2.454543    0.027703       0.378571        0.900000        0.425325         0.916719     0.378571      0.900000  0.399601  0.902633     0.521429
Fold 4   2.436773    0.020765       0.335714        0.897826        0.350834         0.913807     0.335714      0.897826  0.342298  0.901181     0.562112
Mean     2.435048    0.022811       0.395759        0.900025        0.411168         0.916968     0.395759      0.900025  0.402550  0.902589     0.504266
Std Dev  0.017263    0.003276       0.047968        0.014005        0.040460         0.010026     0.047968      0.014005  0.043380  0.014009     0.047754

======================================================================

# PER-PARTICIPANT PERFORMANCE (GLOBAL)
----------------------------------------------------------------------
             Fold  Accuracy  Num_Trials
Participant                            
1               1      0.00          20
30              1      0.00          20
13              2      0.00          20
26              3      0.00          20
11              4      0.00          20
16              4      0.00          20
3               3      0.05          20
22              2      0.05          20
6               2      0.10          20
12              3      0.10          20
21              1      0.15          20
27              4      0.20          20
4               4      0.20          20
25              4      0.30          20
23              2      0.30          20
15              3      0.40          20
19              3      0.45          20
2               2      0.50          20
28              1      0.55          20
17              1      0.55          20
9               1      0.65          20
5               1      0.65          20
10              2      0.65          20
8               4      0.70          20
24              3      0.70          20
18              2      0.90          20
29              2      0.95          20
14              1      0.95          20
7               3      0.95          20
20              4      0.95          20

======================================================================

# STABLE FEATURES (GLOBAL)
----------------------------------------------------------------------
Total features stable across ALL folds: 1

Features list:
 - gy__mean_abs_change

======================================================================

# TRIAL-BASED STATS
----------------------------------------------------------------------
Average Prediction Confidence: 0.6250
Avg Confidence when Correct:   0.6500
Avg Confidence when Incorrect: 0.6085
Average Prediction Margin:     0.3616

======================================================================

# TRIAL CONFUSION MATRIX
----------------------------------------------------------------------
        Pred_0  Pred_1  Pred_2
True_0       4      50      26
True_1      52     212     116
True_2      19      98      23

======================================================================

# PER-PARTICIPANT PERFORMANCE (TRIAL-LEVEL)
----------------------------------------------------------------------
             Fold  Trial_Accuracy  Avg_Confidence  Num_Trials
Participant                                                  
30              1            0.00        0.724298          20
1               1            0.00        0.576482          20
13              2            0.00        0.585602          20
26              3            0.00        0.598244          20
11              4            0.00        0.769105          20
16              4            0.00        0.804910          20
3               3            0.05        0.786762          20
22              2            0.05        0.477065          20
6               2            0.10        0.605868          20
12              3            0.10        0.618176          20
21              1            0.15        0.468319          20
4               4            0.20        0.609428          20
27              4            0.20        0.542257          20
25              4            0.30        0.551777          20
23              2            0.30        0.550886          20
15              3            0.40        0.503707          20
19              3            0.45        0.576320          20
2               2            0.50        0.530238          20
17              1            0.55        0.563447          20
28              1            0.55        0.483075          20
9               1            0.65        0.623646          20
5               1            0.65        0.551635          20
10              2            0.65        0.623293          20
24              3            0.70        0.650803          20
8               4            0.70        0.508764          20
18              2            0.90        0.750386          20
29              2            0.95        0.683133          20
14              1            0.95        0.700568          20
7               3            0.95        0.879856          20
20              4            0.95        0.852206          20

======================================================================

