======================================================================
MODELLING REPORT
2026-04-10 12:58:29
======================================================================

# RUNNING CONFIG
----------------------------------------------------------------------
{
    "preprocess_calibrate": false,
    "preprocess_cutoff": 20,
    "preprocess_trim": false,
    "augment_jerk": true,
    "augment_mags": false,
    "window_data": false,
    "window_size": 250,
    "window_hop": 125,
    "affect": "stress"
}

======================================================================

# MODELLING CONFIG
----------------------------------------------------------------------
Pipeline(steps=[('scaler', StandardScaler()), ('reducer', SelectKBest(k=1000)),
                ('selector',
                 RFE(estimator=RandomForestClassifier(n_estimators=50,
                                                      n_jobs=-1),
                     n_features_to_select=50, step=0.05)),
                ('classifier', GradientBoostingClassifier(n_estimators=250))])

======================================================================

# CV RESULTS
----------------------------------------------------------------------
         fit_time  score_time  test_accuracy  train_accuracy  test_precision  train_precision  test_recall  train_recall   test_f1  train_f1  overfit_gap
Fold 1   7.241343    0.032335       0.581250             1.0        0.455541              1.0     0.581250           1.0  0.506642       1.0     0.418750
Fold 2   7.157601    0.034611       0.593750             1.0        0.467320              1.0     0.593750           1.0  0.476055       1.0     0.406250
Fold 3   7.274581    0.035073       0.521429             1.0        0.461441              1.0     0.521429           1.0  0.489604       1.0     0.478571
Fold 4   7.404116    0.032386       0.278571             1.0        0.255753              1.0     0.278571           1.0  0.265985       1.0     0.721429
Mean     7.269410    0.033601       0.493750             1.0        0.410014              1.0     0.493750           1.0  0.434572       1.0     0.506250
Std Dev  0.102407    0.001445       0.146883             0.0        0.102953              0.0     0.146883           0.0  0.113085       0.0     0.146883

======================================================================

# PER-PARTICIPANT PERFORMANCE (GLOBAL)
----------------------------------------------------------------------
             Fold  Accuracy  Num_Trials
Participant                            
1               1      0.00          20
6               2      0.00          20
13              2      0.00          20
3               3      0.00          20
11              4      0.00          20
27              4      0.00          20
26              3      0.00          20
30              1      0.05          20
22              2      0.05          20
16              4      0.05          20
9               1      0.10          20
8               4      0.20          20
12              3      0.20          20
4               4      0.30          20
25              4      0.40          20
21              1      0.55          20
19              3      0.70          20
23              2      0.80          20
15              3      0.85          20
7               3      0.90          20
2               2      0.90          20
5               1      0.95          20
17              1      1.00          20
14              1      1.00          20
29              2      1.00          20
18              2      1.00          20
10              2      1.00          20
28              1      1.00          20
24              3      1.00          20
20              4      1.00          20

======================================================================

# STABLE FEATURES (GLOBAL)
----------------------------------------------------------------------
Total features stable across ALL folds: 0

Features list:

======================================================================

# TRIAL-BASED STATS
----------------------------------------------------------------------
Average Prediction Confidence: 0.9460
Avg Confidence when Correct:   0.9504
Avg Confidence when Incorrect: 0.9416
Average Prediction Margin:     0.8971

======================================================================

# TRIAL CONFUSION MATRIX
----------------------------------------------------------------------
        Pred_0  Pred_1  Pred_2
True_0       0      67      13
True_1      15     288      77
True_2       1     127      12

======================================================================

# PER-PARTICIPANT PERFORMANCE (TRIAL-LEVEL)
----------------------------------------------------------------------
             Fold  Trial_Accuracy  Avg_Confidence  Num_Trials
Participant                                                  
1               1            0.00        0.911230          20
6               2            0.00        0.998792          20
13              2            0.00        0.931062          20
3               3            0.00        0.999996          20
11              4            0.00        0.983335          20
27              4            0.00        0.940673          20
26              3            0.00        0.999993          20
30              1            0.05        0.981411          20
22              2            0.05        0.941633          20
16              4            0.05        0.950463          20
9               1            0.10        0.869582          20
8               4            0.20        0.927197          20
12              3            0.20        0.883627          20
4               4            0.30        0.924391          20
25              4            0.40        0.901003          20
21              1            0.55        0.811188          20
19              3            0.70        0.911296          20
23              2            0.80        0.869465          20
15              3            0.85        0.943137          20
7               3            0.90        0.927823          20
2               2            0.90        0.976867          20
5               1            0.95        0.976796          20
28              1            1.00        0.999792          20
14              1            1.00        0.965550          20
18              2            1.00        0.980342          20
29              2            1.00        0.979613          20
10              2            1.00        0.932539          20
17              1            1.00        0.963089          20
24              3            1.00        0.998232          20
20              4            1.00        0.999857          20

======================================================================

