======================================================================
MODELLING REPORT
2026-04-10 12:41:36
======================================================================

# RUNNING CONFIG
----------------------------------------------------------------------
{
    "preprocess_calibrate": false,
    "preprocess_cutoff": 20,
    "preprocess_trim": false,
    "augment_jerk": true,
    "augment_mags": false,
    "window_data": false,
    "window_size": 250,
    "window_hop": 125,
    "affect": "stress"
}

======================================================================

# MODELLING CONFIG
----------------------------------------------------------------------
Pipeline(steps=[('scaler', StandardScaler()), ('reducer', SelectKBest(k=500)),
                ('selector',
                 RFE(estimator=RandomForestClassifier(n_estimators=50,
                                                      n_jobs=-1),
                     n_features_to_select=50, step=0.05)),
                ('classifier', MLPClassifier(hidden_layer_sizes=[64]))])

======================================================================

# CV RESULTS
----------------------------------------------------------------------
         fit_time  score_time  test_accuracy  train_accuracy  test_precision  train_precision  test_recall  train_recall   test_f1  train_f1  overfit_gap
Fold 1   5.100111    0.046125       0.506250             1.0        0.416384              1.0     0.506250           1.0  0.454903       1.0     0.493750
Fold 2   5.186795    0.050805       0.525000             1.0        0.454123              1.0     0.525000           1.0  0.481217       1.0     0.475000
Fold 3   5.186323    0.047076       0.478571             1.0        0.451482              1.0     0.478571           1.0  0.464632       1.0     0.521429
Fold 4   5.244550    0.047576       0.292857             1.0        0.299020              1.0     0.292857           1.0  0.292615       1.0     0.707143
Mean     5.179444    0.047895       0.450670             1.0        0.405252              1.0     0.450670           1.0  0.423342       1.0     0.549330
Std Dev  0.059537    0.002031       0.106923             0.0        0.072881              0.0     0.106923           0.0  0.087826       0.0     0.106923

======================================================================

# PER-PARTICIPANT PERFORMANCE (GLOBAL)
----------------------------------------------------------------------
             Fold  Accuracy  Num_Trials
Participant                            
1               1      0.00          20
30              1      0.00          20
13              2      0.00          20
6               2      0.00          20
11              4      0.00          20
27              4      0.00          20
26              3      0.00          20
3               3      0.00          20
9               1      0.05          20
12              3      0.05          20
8               4      0.15          20
4               4      0.20          20
22              2      0.20          20
16              4      0.25          20
21              1      0.30          20
25              4      0.45          20
19              3      0.50          20
23              2      0.55          20
29              2      0.75          20
2               2      0.85          20
5               1      0.85          20
17              1      0.90          20
15              3      0.90          20
10              2      0.90          20
24              3      0.95          20
18              2      0.95          20
28              1      0.95          20
7               3      0.95          20
14              1      1.00          20
20              4      1.00          20

======================================================================

# STABLE FEATURES (GLOBAL)
----------------------------------------------------------------------
Total features stable across ALL folds: 1

Features list:
 - gy__friedrich_coefficients__coeff_2__m_3__r_30

======================================================================

# TRIAL-BASED STATS
----------------------------------------------------------------------
Average Prediction Confidence: 0.9054
Avg Confidence when Correct:   0.9237
Avg Confidence when Incorrect: 0.8900
Average Prediction Margin:     0.8216

======================================================================

# TRIAL CONFUSION MATRIX
----------------------------------------------------------------------
        Pred_0  Pred_1  Pred_2
True_0       0      54      26
True_1      33     259      88
True_2      15     111      14

======================================================================

# PER-PARTICIPANT PERFORMANCE (TRIAL-LEVEL)
----------------------------------------------------------------------
             Fold  Trial_Accuracy  Avg_Confidence  Num_Trials
Participant                                                  
30              1            0.00        0.932089          20
1               1            0.00        0.928639          20
13              2            0.00        0.840152          20
6               2            0.00        0.965145          20
11              4            0.00        0.898699          20
27              4            0.00        0.952381          20
26              3            0.00        0.959071          20
3               3            0.00        0.975651          20
9               1            0.05        0.906674          20
12              3            0.05        0.843214          20
8               4            0.15        0.876893          20
4               4            0.20        0.862291          20
22              2            0.20        0.769862          20
16              4            0.25        0.986807          20
21              1            0.30        0.899874          20
25              4            0.45        0.819014          20
19              3            0.50        0.700920          20
23              2            0.55        0.788763          20
29              2            0.75        0.861077          20
2               2            0.85        0.879814          20
5               1            0.85        0.966330          20
17              1            0.90        0.964081          20
15              3            0.90        0.900703          20
10              2            0.90        0.920649          20
24              3            0.95        0.922808          20
18              2            0.95        0.975982          20
28              1            0.95        0.929153          20
7               3            0.95        0.934075          20
14              1            1.00        0.999956          20
20              4            1.00        0.999954          20

======================================================================

