======================================================================
MODELLING REPORT
2026-04-09 18:09:09
======================================================================

# RUNNING CONFIG
----------------------------------------------------------------------
{
    "preprocess_calibrate": false,
    "preprocess_cutoff": 20,
    "preprocess_trim": false,
    "augment_jerk": true,
    "augment_mags": false,
    "window_data": false,
    "window_size": 250,
    "window_hop": 125,
    "affect": "stress"
}

======================================================================

# MODELLING CONFIG
----------------------------------------------------------------------
Pipeline(steps=[('scaler', StandardScaler()), ('reducer', SelectKBest(k=500)),
                ('selector',
                 RFE(estimator=RandomForestClassifier(n_estimators=50,
                                                      n_jobs=-1),
                     n_features_to_select=25, step=0.05)),
                ('classifier', GradientBoostingClassifier(n_estimators=25))])

======================================================================

# CV RESULTS
----------------------------------------------------------------------
         fit_time  score_time  test_accuracy  train_accuracy  test_precision  train_precision  test_recall  train_recall   test_f1  train_f1  overfit_gap
Fold 1   5.249090    0.045299        0.56250        0.986364        0.434007         0.986650      0.56250      0.986364  0.481398  0.986225     0.423864
Fold 2   5.190992    0.036703        0.56250        0.995455        0.450337         0.995487      0.56250      0.995455  0.492450  0.995424     0.432955
Fold 3   5.294215    0.048015        0.60000        0.995652        0.483871         0.995652      0.60000      0.995652  0.535714  0.995652     0.395652
Fold 4   5.213188    0.038613        0.35000        0.986957        0.294048         0.987212      0.35000      0.986957  0.319373  0.986819     0.636957
Mean     5.236871    0.042157        0.51875        0.991107        0.415566         0.991250      0.51875      0.991107  0.457234  0.991030     0.472357
Std Dev  0.045105    0.005370        0.11388        0.005141        0.083629         0.004993      0.11388      0.005141  0.094849  0.005212     0.110876

======================================================================

# PER-PARTICIPANT PERFORMANCE (GLOBAL)
----------------------------------------------------------------------
             Fold  Accuracy  Num_Trials
Participant                            
1               1      0.00          20
9               1      0.00          20
13              2      0.00          20
6               2      0.00          20
11              4      0.00          20
27              4      0.00          20
26              3      0.00          20
3               3      0.00          20
30              1      0.05          20
16              4      0.15          20
4               4      0.20          20
25              4      0.25          20
22              2      0.25          20
15              3      0.60          20
21              1      0.60          20
2               2      0.75          20
12              3      0.75          20
23              2      0.75          20
29              2      0.85          20
8               4      0.85          20
17              1      0.90          20
10              2      0.90          20
19              3      0.90          20
5               1      0.95          20
24              3      0.95          20
18              2      1.00          20
14              1      1.00          20
28              1      1.00          20
7               3      1.00          20
20              4      1.00          20

======================================================================

# STABLE FEATURES (GLOBAL)
----------------------------------------------------------------------
Total features stable across ALL folds: 1

Features list:
 - gz__skewness

======================================================================

# TRIAL-BASED STATS
----------------------------------------------------------------------
Average Prediction Confidence: 0.7608
Avg Confidence when Correct:   0.7762
Avg Confidence when Incorrect: 0.7441
Average Prediction Margin:     0.5792

======================================================================

# TRIAL CONFUSION MATRIX
----------------------------------------------------------------------
        Pred_0  Pred_1  Pred_2
True_0       0      66      14
True_1      18     302      60
True_2       5     124      11

======================================================================

# PER-PARTICIPANT PERFORMANCE (TRIAL-LEVEL)
----------------------------------------------------------------------
             Fold  Trial_Accuracy  Avg_Confidence  Num_Trials
Participant                                                  
1               1            0.00        0.662002          20
9               1            0.00        0.669555          20
13              2            0.00        0.688249          20
6               2            0.00        0.885715          20
11              4            0.00        0.861430          20
27              4            0.00        0.740874          20
26              3            0.00        0.902703          20
3               3            0.00        0.851216          20
30              1            0.05        0.870186          20
16              4            0.15        0.773543          20
4               4            0.20        0.657048          20
25              4            0.25        0.672320          20
22              2            0.25        0.681051          20
15              3            0.60        0.629212          20
21              1            0.60        0.635187          20
23              2            0.75        0.639850          20
12              3            0.75        0.681493          20
2               2            0.75        0.693364          20
29              2            0.85        0.785266          20
8               4            0.85        0.664123          20
17              1            0.90        0.848468          20
10              2            0.90        0.736725          20
19              3            0.90        0.641697          20
5               1            0.95        0.802260          20
24              3            0.95        0.794635          20
18              2            1.00        0.882487          20
28              1            1.00        0.860687          20
14              1            1.00        0.832578          20
7               3            1.00        0.868595          20
20              4            1.00        0.912060          20

======================================================================

